name,price,address,access,area,layout,yyyymm_construction,url,station_name,line,minutes,yyyymm,age,id
シティマンション輝国,950,福岡県福岡市中央区輝国２,地下鉄七隈線「六本松」徒歩15分,55.43,3DK,1984年1月,https://suumo.jp//ms/chuko/fukuoka/sc_fukuokashichuo/nc_20230915/,六本松,地下鉄七隈線,15,1984-01-01,42,20230915
シティマンション輝国,1430,福岡県福岡市中央区輝国２,地下鉄七隈線「六本松」徒歩15分,55.06,3DK,1984年1月,https://suumo.jp//ms/chuko/fukuoka/sc_fukuokashichuo/nc_20293641/,六本松,地下鉄七隈線,15,1984-01-01,42,20293641
ゾンネンハイム大手門,1599,福岡県福岡市中央区大手門２-5-10,地下鉄空港線「大濠公園」徒歩8分,33.0,1K,1973年8月,https://suumo.jp//ms/chuko/fukuoka/sc_fukuokashichuo/nc_21374647/,大濠公園,地下鉄空港線,8,1973-08-01,53,21374647
皐月マンション奈良屋,1980,福岡県福岡市博多区奈良屋町12-18,地下鉄空港線「中洲川端」徒歩11分,53.28,2LDK,1980年7月,https://suumo.jp//ms/chuko/fukuoka/sc_fukuokashihakata/nc_21200951/,中洲川端,地下鉄空港線,11,1980-07-01,46,21200951
ネオハイツ大濠Ⅱ,2000,福岡県福岡市中央区鳥飼１,地下鉄七隈線「六本松」徒歩12分,79.06,2LDK,1982年2月,https://suumo.jp//ms/chuko/fukuoka/sc_fukuokashichuo/nc_21455969/,六本松,地下鉄七隈線,12,1982-02-01,44,21455969
ライオンズマンション昭代,2198,福岡県福岡市早良区昭代１,地下鉄空港線「西新」徒歩14分,58.8,2LDK,1981年3月,https://suumo.jp//ms/chuko/fukuoka/sc_fukuokashisawara/nc_21319151/,西新,地下鉄空港線,14,1981-03-01,45,21319151
ライオンズマンション昭代,2198,福岡県福岡市早良区昭代１,地下鉄空港線「西新」徒歩15分,58.8,2LDK,1981年3月,https://suumo.jp//ms/chuko/fukuoka/sc_fukuokashisawara/nc_21341528/,西新,地下鉄空港線,15,1981-03-01,45,21341528
ライオンズマンション昭代,2198,福岡県福岡市早良区昭代１,地下鉄空港線「西新」徒歩13分,58.8,2LDK,1981年3月,https://suumo.jp//ms/chuko/fukuoka/sc_fukuokashisawara/nc_21345281/,西新,地下鉄空港線,13,1981-03-01,45,21345281
エンクレスト天神南Ⅲ,2499,福岡県福岡市中央区清川３,地下鉄七隈線「渡辺通」徒歩13分,37.86,1LDK,2005年8月,https://suumo.jp//ms/chuko/fukuoka/sc_fukuokashichuo/nc_21342976/,渡辺通,地下鉄七隈線,13,2005-08-01,21,21342976
東峰マンション西公園　中古マンション,2580,福岡県福岡市中央区荒戸３,地下鉄空港線「大濠公園」徒歩7分,48.59,2LDK,1978年9月,https://suumo.jp//ms/chuko/fukuoka/sc_fukuokashichuo/nc_21172028/,大濠公園,地下鉄空港線,7,1978-09-01,48,21172028
藤和別府コープ,2599,福岡県福岡市城南区別府５-2-5,地下鉄七隈線「別府」徒歩5分,62.16,3LDK,1983年5月,https://suumo.jp//ms/chuko/fukuoka/sc_fukuokashijonan/nc_78888074/,別府,地下鉄七隈線,5,1983-05-01,43,78888074
サンポートハイツ,2690,福岡県福岡市中央区港２,地下鉄空港線「大濠公園」徒歩8分,60.69,2LDK,1974年9月,https://suumo.jp//ms/chuko/fukuoka/sc_fukuokashichuo/nc_21315782/,大濠公園,地下鉄空港線,8,1974-09-01,52,21315782
ダイナコート赤坂南,2898,福岡県福岡市中央区桜坂２-5-43,地下鉄七隈線「桜坂」徒歩6分,63.27,3LDK,1988年7月,https://suumo.jp//ms/chuko/fukuoka/sc_fukuokashichuo/nc_21366199/,桜坂,地下鉄七隈線,6,1988-07-01,38,21366199
警固ハウス,2899,福岡県福岡市中央区警固１-15-15,地下鉄七隈線「薬院大通」徒歩8分,66.0,2LDK,1980年3月,https://suumo.jp//ms/chuko/fukuoka/sc_fukuokashichuo/nc_21128916/,薬院大通,地下鉄七隈線,8,1980-03-01,46,21128916
ファミール輝国,2990,福岡県福岡市中央区輝国２-8-20,地下鉄七隈線「六本松」徒歩15分,81.6,3LDK+S（納戸）,1984年3月,https://suumo.jp//ms/chuko/fukuoka/sc_fukuokashichuo/nc_21166001/,六本松,地下鉄七隈線,15,1984-03-01,42,21166001
グランフォーレ西新パサージュ,2990,福岡県福岡市早良区高取１,地下鉄空港線「藤崎」徒歩5分,31.02,1LDK,2021年11月,https://suumo.jp//ms/chuko/fukuoka/sc_fukuokashisawara/nc_21406306/,藤崎,地下鉄空港線,5,2021-11-01,5,21406306
警固ハウス,3090,福岡県福岡市中央区警固１,地下鉄七隈線「薬院大通」徒歩11分,66.0,3LDK,1980年3月,https://suumo.jp//ms/chuko/fukuoka/sc_fukuokashichuo/nc_21285511/,薬院大通,地下鉄七隈線,11,1980-03-01,46,21285511
警固ハウス,3090,福岡県福岡市中央区警固１,地下鉄七隈線「薬院大通」徒歩8分,66.0,3LDK,1980年3月,https://suumo.jp//ms/chuko/fukuoka/sc_fukuokashichuo/nc_20968843/,薬院大通,地下鉄七隈線,8,1980-03-01,46,20968843
警固ハウス,3090,福岡県福岡市中央区警固１-15-15,地下鉄七隈線「薬院大通」徒歩10分,66.0,3LDK,1980年3月,https://suumo.jp//ms/chuko/fukuoka/sc_fukuokashichuo/nc_20874418/,薬院大通,地下鉄七隈線,10,1980-03-01,46,20874418
グランフォーレ西新,3190,福岡県福岡市早良区城西１,地下鉄空港線「西新」徒歩6分,40.05,1LDK,2006年9月,https://suumo.jp//ms/chuko/fukuoka/sc_fukuokashisawara/nc_21031110/,西新,地下鉄空港線,6,2006-09-01,20,21031110
【ロワールマンション博多駅南】博多駅徒歩圏！最新リノ…,3290,福岡県福岡市博多区博多駅南３,ＪＲ鹿児島本線「博多」徒歩15分,69.51,3LDK,1985年9月,https://suumo.jp//ms/chuko/fukuoka/sc_fukuokashihakata/nc_20097897/,博多,ＪＲ鹿児島本線,15,1985-09-01,41,20097897
クレアランドマーク,3380,福岡県福岡市博多区冷泉町,地下鉄七隈線「櫛田神社前」徒歩4分,40.43,1LDK,2001年1月,https://suumo.jp//ms/chuko/fukuoka/sc_fukuokashihakata/nc_21017734/,櫛田神社前,地下鉄七隈線,4,2001-01-01,25,21017734
クレアランドマーク,3380,福岡県福岡市博多区冷泉町2-9,地下鉄空港線「祇園」徒歩4分,40.43,1LDK,2001年1月,https://suumo.jp//ms/chuko/fukuoka/sc_fukuokashihakata/nc_21180321/,祇園,地下鉄空港線,4,2001-01-01,25,21180321
サーパス大博通り,3399,福岡県福岡市博多区大博町,地下鉄空港線「中洲川端」徒歩15分,48.39,1LDK,1990年3月,https://suumo.jp//ms/chuko/fukuoka/sc_fukuokashihakata/nc_21341127/,中洲川端,地下鉄空港線,15,1990-03-01,36,21341127
オープンレジデンシア博多駅南,3490,福岡県福岡市博多区博多駅南２,ＪＲ鹿児島本線「博多」徒歩11分,34.7,1LDK,2024年9月,https://suumo.jp//ms/chuko/fukuoka/sc_fukuokashihakata/nc_21176444/,博多,ＪＲ鹿児島本線,11,2024-09-01,2,21176444
東峰マンション第二西公園,3498,福岡県福岡市中央区荒戸３,地下鉄空港線「唐人町」徒歩8分,73.55,3LDK,1982年2月,https://suumo.jp//ms/chuko/fukuoka/sc_fukuokashichuo/nc_21476068/,唐人町,地下鉄空港線,8,1982-02-01,44,21476068
ライフピア舞鶴,3499,福岡県福岡市中央区舞鶴３-3-4,地下鉄空港線「赤坂」徒歩6分,72.3,2LDK,1982年4月,https://suumo.jp//ms/chuko/fukuoka/sc_fukuokashichuo/nc_21373792/,赤坂,地下鉄空港線,6,1982-04-01,44,21373792
赤坂パインマンション,3500,福岡県福岡市中央区赤坂１,地下鉄空港線「赤坂」徒歩7分,72.0,2LDK,1981年5月,https://suumo.jp//ms/chuko/fukuoka/sc_fukuokashichuo/nc_21221592/,赤坂,地下鉄空港線,7,1981-05-01,45,21221592
グランフォーレ西新,3599,福岡県福岡市早良区城西１-8-14,地下鉄空港線「西新」徒歩7分,40.05,1LDK,2006年9月,https://suumo.jp//ms/chuko/fukuoka/sc_fukuokashisawara/nc_20966218/,西新,地下鉄空港線,7,2006-09-01,20,20966218
グランフォーレ西新,3599,福岡県福岡市早良区城西１,地下鉄空港線「西新」徒歩5分,40.05,1LDK,2006年9月,https://suumo.jp//ms/chuko/fukuoka/sc_fukuokashisawara/nc_20704362/,西新,地下鉄空港線,5,2006-09-01,20,20704362
日商岩井今泉マンション,3780,福岡県福岡市中央区今泉２,地下鉄七隈線「薬院大通」徒歩7分,78.75,3LDK,1974年7月,https://suumo.jp//ms/chuko/fukuoka/sc_fukuokashichuo/nc_21369948/,薬院大通,地下鉄七隈線,7,1974-07-01,52,21369948
サンライフ六本松,3790,福岡県福岡市中央区草香江２,地下鉄七隈線「六本松」徒歩4分,60.02,2LDK,1984年5月,https://suumo.jp//ms/chuko/fukuoka/sc_fukuokashichuo/nc_20740573/,六本松,地下鉄七隈線,4,1984-05-01,42,20740573
ロマネスク西公園第６,3790,福岡県福岡市中央区荒戸２-4-37,地下鉄空港線「大濠公園」徒歩7分,52.24,2LDK,1991年3月,https://suumo.jp//ms/chuko/fukuoka/sc_fukuokashichuo/nc_20884869/,大濠公園,地下鉄空港線,7,1991-03-01,35,20884869
藤和薬院コープ,3798,福岡県福岡市中央区薬院２-3-3,地下鉄七隈線「薬院大通」徒歩1分,73.69,3LDK,1979年3月,https://suumo.jp//ms/chuko/fukuoka/sc_fukuokashichuo/nc_21227604/,薬院大通,地下鉄七隈線,1,1979-03-01,47,21227604
トラスト福岡空港駅レジデンス,3850,福岡県糟屋郡志免町別府北４,地下鉄空港線「福岡空港」徒歩14分,67.85,3LDK,2024年5月,https://suumo.jp//ms/chuko/fukuoka/sc_kasuyagunshime/nc_20786690/,福岡空港,地下鉄空港線,14,2024-05-01,2,20786690
デュ・レジア大濠,3980,福岡県福岡市中央区黒門,地下鉄空港線「唐人町」徒歩2分,35.56,ワンルーム,2020年11月,https://suumo.jp//ms/chuko/fukuoka/sc_fukuokashichuo/nc_21066671/,唐人町,地下鉄空港線,2,2020-11-01,6,21066671
モントーレ東比恵クレア,3980,福岡県福岡市博多区東比恵３,地下鉄空港線「東比恵」徒歩3分,42.77,1LDK,2019年2月,https://suumo.jp//ms/chuko/fukuoka/sc_fukuokashihakata/nc_21294557/,東比恵,地下鉄空港線,3,2019-02-01,7,21294557
西公園ツインタワー,3998,福岡県福岡市中央区荒戸２,地下鉄空港線「大濠公園」徒歩10分,83.05,3LDK,1990年1月,https://suumo.jp//ms/chuko/fukuoka/sc_fukuokashichuo/nc_20825534/,大濠公園,地下鉄空港線,10,1990-01-01,36,20825534
赤坂パインマンション,3999,福岡県福岡市中央区赤坂１-2-6,地下鉄空港線「赤坂」徒歩8分,72.0,2LDK,1981年5月,https://suumo.jp//ms/chuko/fukuoka/sc_fukuokashichuo/nc_20777150/,赤坂,地下鉄空港線,8,1981-05-01,45,20777150
パーク・サンリヤン博多の森Ⅰ・Ⅱ番館,4190,福岡県糟屋郡志免町別府西２-24-2,地下鉄空港線「福岡空港」徒歩12分,82.19,3LDK,2003年3月,https://suumo.jp//ms/chuko/fukuoka/sc_kasuyagunshime/nc_20683977/,福岡空港,地下鉄空港線,12,2003-03-01,23,20683977
エバーライフ赤坂,4280,福岡県福岡市中央区赤坂３,地下鉄七隈線「桜坂」徒歩14分,63.63,1LDK,1988年12月,https://suumo.jp//ms/chuko/fukuoka/sc_fukuokashichuo/nc_20426588/,桜坂,地下鉄七隈線,14,1988-12-01,38,20426588
ロイヤルマンション西新,4399,福岡県福岡市早良区祖原,地下鉄空港線「西新」徒歩10分,84.48,4LDK,1987年11月,https://suumo.jp//ms/chuko/fukuoka/sc_fukuokashisawara/nc_20617864/,西新,地下鉄空港線,10,1987-11-01,39,20617864
ロイヤルマンション西新,4399,福岡県福岡市早良区祖原,地下鉄空港線「西新」徒歩12分,84.48,4LDK,1987年11月,https://suumo.jp//ms/chuko/fukuoka/sc_fukuokashisawara/nc_20516591/,西新,地下鉄空港線,12,1987-11-01,39,20516591
ラ・ミリオーレ室見河畔,4399,福岡県福岡市早良区室見５,地下鉄空港線「藤崎」徒歩15分,54.79,1LDK+S（納戸）,2005年5月,https://suumo.jp//ms/chuko/fukuoka/sc_fukuokashisawara/nc_21179636/,藤崎,地下鉄空港線,15,2005-05-01,21,21179636
チサンマンション西公園,4480,福岡県福岡市中央区荒戸２,地下鉄空港線「大濠公園」徒歩8分,68.59,3LDK,1984年12月,https://suumo.jp//ms/chuko/fukuoka/sc_fukuokashichuo/nc_21044780/,大濠公園,地下鉄空港線,8,1984-12-01,42,21044780
≪価格変更≫アートウィル赤坂,4490,福岡県福岡市中央区赤坂３,地下鉄七隈線「桜坂」徒歩11分,65.61,2LDK,1994年10月,https://suumo.jp//ms/chuko/fukuoka/sc_fukuokashichuo/nc_20837855/,桜坂,地下鉄七隈線,11,1994-10-01,32,20837855
サヴォイ　ザ・リバーテラス　１３０１号,4599,福岡県福岡市博多区中洲中島町,地下鉄箱崎線「中洲川端」徒歩7分,49.89,2LDK,2006年2月,https://suumo.jp//ms/chuko/fukuoka/sc_fukuokashihakata/nc_21046252/,中洲川端,地下鉄箱崎線,7,2006-02-01,20,21046252
ジョイナス地行浜東,4680,福岡県福岡市中央区伊崎,地下鉄空港線「唐人町」徒歩11分,73.92,2LDK,2006年3月,https://suumo.jp//ms/chuko/fukuoka/sc_fukuokashichuo/nc_20877308/,唐人町,地下鉄空港線,11,2006-03-01,20,20877308
コモダス奈良屋,4880,福岡県福岡市博多区奈良屋町,地下鉄空港線「中洲川端」徒歩12分,56.3,2LDK,2001年10月,https://suumo.jp//ms/chuko/fukuoka/sc_fukuokashihakata/nc_20902271/,中洲川端,地下鉄空港線,12,2001-10-01,25,20902271
エンゼルハイム鳥飼中央,4880,福岡県福岡市中央区鳥飼１,地下鉄七隈線「別府」徒歩14分,75.68,3LDK,2001年3月,https://suumo.jp//ms/chuko/fukuoka/sc_fukuokashichuo/nc_21313059/,別府,地下鉄七隈線,14,2001-03-01,25,21313059
ソレイユ赤坂南,4898,福岡県福岡市中央区六本松３,地下鉄七隈線「桜坂」徒歩7分,75.03,3LDK+S（納戸）,1989年10月,https://suumo.jp//ms/chuko/fukuoka/sc_fukuokashichuo/nc_20785852/,桜坂,地下鉄七隈線,7,1989-10-01,37,20785852
オープンレジデンシア天神今泉,4900,福岡県福岡市中央区今泉２,地下鉄七隈線「薬院大通」徒歩6分,46.01,2LDK,2023年9月,https://suumo.jp//ms/chuko/fukuoka/sc_fukuokashichuo/nc_79170354/,薬院大通,地下鉄七隈線,6,2023-09-01,3,79170354
ロイヤルマンションユトリテ田島,4980,福岡県福岡市城南区田島１-4-18,地下鉄七隈線「別府」徒歩13分,91.98,3LDK+S（納戸）,2005年3月,https://suumo.jp//ms/chuko/fukuoka/sc_fukuokashijonan/nc_21046422/,別府,地下鉄七隈線,13,2005-03-01,21,21046422
グランコート高砂,4980,福岡県福岡市中央区高砂２,地下鉄七隈線「薬院」徒歩12分,64.23,3LDK,1996年7月,https://suumo.jp//ms/chuko/fukuoka/sc_fukuokashichuo/nc_20743794/,薬院,地下鉄七隈線,12,1996-07-01,30,20743794
オーセントスクエア弥生,4980,福岡県福岡市早良区弥生２,地下鉄空港線「藤崎」徒歩10分,70.3,2LDK,2005年2月,https://suumo.jp//ms/chuko/fukuoka/sc_fukuokashisawara/nc_21392051/,藤崎,地下鉄空港線,10,2005-02-01,21,21392051
オープンレジデンシア天神今泉,4999,福岡県福岡市中央区今泉２,地下鉄七隈線「薬院大通」徒歩6分,46.28,2LDK,2023年9月,https://suumo.jp//ms/chuko/fukuoka/sc_fukuokashichuo/nc_20711534/,薬院大通,地下鉄七隈線,6,2023-09-01,3,20711534
ロイヤルマンション別府,5090,福岡県福岡市城南区別府３-1-11,地下鉄七隈線「別府」徒歩1分,81.0,3LDK,1986年4月,https://suumo.jp//ms/chuko/fukuoka/sc_fukuokashijonan/nc_21182601/,別府,地下鉄七隈線,1,1986-04-01,40,21182601
グランドメゾン鳥飼,5180,福岡県福岡市城南区鳥飼６,地下鉄七隈線「別府」徒歩10分,72.93,3LDK,2000年1月,https://suumo.jp//ms/chuko/fukuoka/sc_fukuokashijonan/nc_20741683/,別府,地下鉄七隈線,10,2000-01-01,26,20741683
オープンレジデンシア博多住吉,5280,福岡県福岡市博多区住吉２,地下鉄七隈線「櫛田神社前」徒歩5分,51.18,2LDK,2023年9月,https://suumo.jp//ms/chuko/fukuoka/sc_fukuokashihakata/nc_20734997/,櫛田神社前,地下鉄七隈線,5,2023-09-01,3,20734997
≪価格改定≫ソピア大濠西,5280,福岡県福岡市中央区鳥飼３,地下鉄空港線「西新」徒歩10分,69.57,3LDK,1999年3月,https://suumo.jp//ms/chuko/fukuoka/sc_fukuokashichuo/nc_20835624/,西新,地下鉄空港線,10,1999-03-01,27,20835624
ペルル大濠公園,5480,福岡県福岡市中央区荒戸３-3-50,地下鉄空港線「唐人町」徒歩9分,85.51,4LDK,1999年7月,https://suumo.jp//ms/chuko/fukuoka/sc_fukuokashichuo/nc_21518804/,唐人町,地下鉄空港線,9,1999-07-01,27,21518804
東峰マンションアーバンスクエア博多駅,5599,福岡県福岡市博多区博多駅南１,ＪＲ鹿児島本線「博多」徒歩8分,61.08,2LDK,2000年11月,https://suumo.jp//ms/chuko/fukuoka/sc_fukuokashihakata/nc_21336150/,博多,ＪＲ鹿児島本線,8,2000-11-01,26,21336150
大濠公園グランドヒルズ,5780,福岡県福岡市中央区荒戸２-3-49,地下鉄空港線「大濠公園」徒歩4分,70.11,3LDK,1990年9月,https://suumo.jp//ms/chuko/fukuoka/sc_fukuokashichuo/nc_21196117/,大濠公園,地下鉄空港線,4,1990-09-01,36,21196117
パークホームズ室見駅前,5780,福岡県福岡市早良区室見５,地下鉄空港線「藤崎」徒歩13分,71.47,3LDK,2004年5月,https://suumo.jp//ms/chuko/fukuoka/sc_fukuokashisawara/nc_21251965/,藤崎,地下鉄空港線,13,2004-05-01,22,21251965
パークホームズ室見駅前,5780,福岡県福岡市早良区室見５-7-27,地下鉄空港線「藤崎」徒歩13分,71.47,3LDK,2004年5月,https://suumo.jp//ms/chuko/fukuoka/sc_fukuokashisawara/nc_21259956/,藤崎,地下鉄空港線,13,2004-05-01,22,21259956
東峰マンション第二西公園,5980,福岡県福岡市中央区荒戸３,地下鉄空港線「唐人町」徒歩8分,103.54,4LDK,1982年2月,https://suumo.jp//ms/chuko/fukuoka/sc_fukuokashichuo/nc_20851652/,唐人町,地下鉄空港線,8,1982-02-01,44,20851652
ソピア天神,5980,福岡県福岡市中央区警固１,地下鉄七隈線「薬院大通」徒歩7分,66.24,3LDK,1999年2月,https://suumo.jp//ms/chuko/fukuoka/sc_fukuokashichuo/nc_20447816/,薬院大通,地下鉄七隈線,7,1999-02-01,27,20447816
インプレスト天神オークタワー,5990,福岡県福岡市中央区長浜２,地下鉄空港線「赤坂」徒歩9分,56.79,2LDK,2020年5月,https://suumo.jp//ms/chuko/fukuoka/sc_fukuokashichuo/nc_78973290/,赤坂,地下鉄空港線,9,2020-05-01,6,78973290
ロワール赤坂けやき通り,6180,福岡県福岡市中央区赤坂３,地下鉄七隈線「桜坂」徒歩9分,83.6,4LDK,2005年12月,https://suumo.jp//ms/chuko/fukuoka/sc_fukuokashichuo/nc_21096471/,桜坂,地下鉄七隈線,9,2005-12-01,21,21096471
ライオンズタワー城南別府,6198,福岡県福岡市城南区別府５,地下鉄七隈線「別府」徒歩5分,75.72,3LDK,2002年11月,https://suumo.jp//ms/chuko/fukuoka/sc_fukuokashijonan/nc_21429306/,別府,地下鉄七隈線,5,2002-11-01,24,21429306
アクセス天神Ⅱ,6280,福岡県福岡市中央区今泉１,西鉄天神大牟田線「薬院」徒歩5分,70.3,3LDK,2001年7月,https://suumo.jp//ms/chuko/fukuoka/sc_fukuokashichuo/nc_21127150/,薬院,西鉄天神大牟田線,5,2001-07-01,25,21127150
グランディア百道浜通り,6380,福岡県福岡市早良区西新２,地下鉄空港線「西新」徒歩10分,68.66,3LDK,2006年4月,https://suumo.jp//ms/chuko/fukuoka/sc_fukuokashisawara/nc_21421313/,西新,地下鉄空港線,10,2006-04-01,20,21421313
シティハウス室見ステーションコート,6480,福岡県福岡市早良区室見１,地下鉄空港線「藤崎」徒歩9分,66.12,3LDK,2018年1月,https://suumo.jp//ms/chuko/fukuoka/sc_fukuokashisawara/nc_21411020/,藤崎,地下鉄空港線,9,2018-01-01,8,21411020
グランフォーレ西公園ルネッサンス,6599,福岡県福岡市中央区荒戸１,地下鉄空港線「大濠公園」徒歩5分,75.65,3LDK,2007年11月,https://suumo.jp//ms/chuko/fukuoka/sc_fukuokashichuo/nc_20579461/,大濠公園,地下鉄空港線,5,2007-11-01,19,20579461
大濠公園グランドヒルズ,6680,福岡県福岡市中央区荒戸２-3-49,地下鉄空港線「大濠公園」徒歩4分,79.08,2LDK+S（納戸）,1990年9月,https://suumo.jp//ms/chuko/fukuoka/sc_fukuokashichuo/nc_20268504/,大濠公園,地下鉄空港線,4,1990-09-01,36,20268504
サーパス城南,6699,福岡県福岡市城南区田島１-4-17,地下鉄七隈線「別府」徒歩14分,94.85,4LDK,2006年11月,https://suumo.jp//ms/chuko/fukuoka/sc_fukuokashijonan/nc_20943175/,別府,地下鉄七隈線,14,2006-11-01,20,20943175
アメックス博多ベルテックステージ,6890,福岡県福岡市博多区下川端町10-16,地下鉄空港線「中洲川端」徒歩5分,53.59,1LDK+S（納戸）,2010年1月,https://suumo.jp//ms/chuko/fukuoka/sc_fukuokashihakata/nc_21470877/,中洲川端,地下鉄空港線,5,2010-01-01,16,21470877
デュ・レジア薬院テラス,6980,福岡県福岡市中央区高砂２,地下鉄七隈線「薬院」徒歩11分,63.0,2LDK,2022年3月,https://suumo.jp//ms/chuko/fukuoka/sc_fukuokashichuo/nc_79108337/,薬院,地下鉄七隈線,11,2022-03-01,4,79108337
クリオラベルヴィ西新グランクラス,7200,福岡県福岡市早良区西新１,地下鉄空港線「西新」徒歩1分,52.2,2LDK,2025年8月,https://suumo.jp//ms/chuko/fukuoka/sc_fukuokashisawara/nc_21320121/,西新,地下鉄空港線,1,2025-08-01,1,21320121
サークコート大濠公園駅,7280,福岡県福岡市中央区荒戸２,地下鉄空港線「大濠公園」徒歩3分,77.35,4LDK,2001年2月,https://suumo.jp//ms/chuko/fukuoka/sc_fukuokashichuo/nc_21325473/,大濠公園,地下鉄空港線,3,2001-02-01,25,21325473
アクタス渡辺通パークシティ,7480,福岡県福岡市中央区清川２-5-33,地下鉄七隈線「渡辺通」徒歩9分,78.47,3LDK,2010年2月,https://suumo.jp//ms/chuko/fukuoka/sc_fukuokashichuo/nc_21522078/,渡辺通,地下鉄七隈線,9,2010-02-01,16,21522078
Asobi＋　アーティックス大濠,7490,福岡県福岡市中央区鳥飼１,地下鉄七隈線「六本松」徒歩12分,85.8,3LDK,2004年2月,https://suumo.jp//ms/chuko/fukuoka/sc_fukuokashichuo/nc_20929098/,六本松,地下鉄七隈線,12,2004-02-01,22,20929098
アメックス大手門ツインビュー,7980,福岡県福岡市中央区大手門２,地下鉄空港線「赤坂」徒歩8分,86.54,3LDK,2005年2月,https://suumo.jp//ms/chuko/fukuoka/sc_fukuokashichuo/nc_21128467/,赤坂,地下鉄空港線,8,2005-02-01,21,21128467
パレスト・リッツガーデン百道,7980,福岡県福岡市早良区西新７,地下鉄空港線「藤崎」徒歩9分,81.21,3LDK,2017年4月,https://suumo.jp//ms/chuko/fukuoka/sc_fukuokashisawara/nc_21032451/,藤崎,地下鉄空港線,9,2017-04-01,9,21032451
ダイアパレス赤坂けやき通り,7999,福岡県福岡市中央区赤坂３,地下鉄空港線「赤坂」徒歩11分,78.63,3LDK,2000年9月,https://suumo.jp//ms/chuko/fukuoka/sc_fukuokashichuo/nc_21373737/,赤坂,地下鉄空港線,11,2000-09-01,26,21373737
百道タワー,8780,福岡県福岡市早良区百道浜１,地下鉄空港線「西新」徒歩10分,81.73,2LDK,2004年2月,https://suumo.jp//ms/chuko/fukuoka/sc_fukuokashisawara/nc_79098275/,西新,地下鉄空港線,10,2004-02-01,22,79098275
ザ・パークハウス福岡タワーズ　EAST,8780,福岡県福岡市中央区地行浜２,地下鉄空港線「唐人町」徒歩12分,82.52,2LDK,2020年12月,https://suumo.jp//ms/chuko/fukuoka/sc_fukuokashichuo/nc_20595838/,唐人町,地下鉄空港線,12,2020-12-01,6,20595838
ザ・パークハウス福岡タワーズWEST,8820,福岡県福岡市中央区地行浜２,地下鉄空港線「唐人町」徒歩12分,61.74,2LDK,2019年12月,https://suumo.jp//ms/chuko/fukuoka/sc_fukuokashichuo/nc_21184932/,唐人町,地下鉄空港線,12,2019-12-01,7,21184932
グランドメゾン大濠ブルクレール,9280,福岡県福岡市中央区草香江２,地下鉄七隈線「六本松」徒歩9分,85.42,3LDK,2006年3月,https://suumo.jp//ms/chuko/fukuoka/sc_fukuokashichuo/nc_79094486/,六本松,地下鉄七隈線,9,2006-03-01,20,79094486
パークコート赤坂ヒルトップレジデンス,9880,福岡県福岡市中央区赤坂３,地下鉄七隈線「桜坂」徒歩9分,88.76,3LDK,2010年2月,https://suumo.jp//ms/chuko/fukuoka/sc_fukuokashichuo/nc_78598929/,桜坂,地下鉄七隈線,9,2010-02-01,16,78598929
アクタス大手門パークシティ,9980,福岡県福岡市中央区大手門１,地下鉄空港線「赤坂」徒歩6分,93.92,3LDK,2005年2月,https://suumo.jp//ms/chuko/fukuoka/sc_fukuokashichuo/nc_77427348/,赤坂,地下鉄空港線,6,2005-02-01,21,77427348
サークコート大濠公園駅,12000,福岡県福岡市中央区荒戸２,地下鉄空港線「大濠公園」徒歩3分,100.78,4LDK,2001年2月,https://suumo.jp//ms/chuko/fukuoka/sc_fukuokashichuo/nc_21175402/,大濠公園,地下鉄空港線,3,2001-02-01,25,21175402
グランドメゾン赤坂弐番館,12300,福岡県福岡市中央区赤坂２,地下鉄空港線「赤坂」徒歩11分,110.0,3LDK,2004年9月,https://suumo.jp//ms/chuko/fukuoka/sc_fukuokashichuo/nc_20491491/,赤坂,地下鉄空港線,11,2004-09-01,22,20491491
CLUB THE.大濠二丁目,12480,福岡県福岡市中央区大濠２,地下鉄空港線「唐人町」徒歩7分,91.07,2LDK,2019年6月,https://suumo.jp//ms/chuko/fukuoka/sc_fukuokashichuo/nc_20032764/,唐人町,地下鉄空港線,7,2019-06-01,7,20032764
ネオグランデ赤坂,12800,福岡県福岡市中央区赤坂２,地下鉄空港線「赤坂」徒歩8分,112.21,3LDK,2001年3月,https://suumo.jp//ms/chuko/fukuoka/sc_fukuokashichuo/nc_21413963/,赤坂,地下鉄空港線,8,2001-03-01,25,21413963
ザ・パークハウス福岡タワーズＷＥＳＴ,14800,福岡県福岡市中央区地行浜２,地下鉄空港線「唐人町」徒歩12分,92.49,2LDK,2019年12月,https://suumo.jp//ms/chuko/fukuoka/sc_fukuokashichuo/nc_20651837/,唐人町,地下鉄空港線,12,2019-12-01,7,20651837
サンリベラ・プライム天神大名レジデンス,14980,福岡県福岡市中央区大名２-4-5,地下鉄空港線「赤坂」徒歩4分,100.4,2LDK,1992年2月,https://suumo.jp//ms/chuko/fukuoka/sc_fukuokashichuo/nc_20743987/,赤坂,地下鉄空港線,4,1992-02-01,34,20743987
Brillia　Tower西新・PRALIVA,16000,福岡県福岡市早良区西新４,地下鉄空港線「西新」徒歩1分,73.72,2LDK,2021年1月,https://suumo.jp//ms/chuko/fukuoka/sc_fukuokashisawara/nc_21284739/,西新,地下鉄空港線,1,2021-01-01,5,21284739
プレミスト大濠公園,24800,福岡県福岡市中央区荒戸３,地下鉄空港線「唐人町」徒歩3分,120.71,3LDK,2025年6月,https://suumo.jp//ms/chuko/fukuoka/sc_fukuokashichuo/nc_79003032/,唐人町,地下鉄空港線,3,2025-06-01,1,79003032
グランドメゾン福岡THE Central Luxe,25000,福岡県福岡市中央区渡辺通２,西鉄天神大牟田線「薬院」徒歩4分,110.97,3LDK,2025年7月,https://suumo.jp//ms/chuko/fukuoka/sc_fukuokashichuo/nc_20844164/,薬院,西鉄天神大牟田線,4,2025-07-01,1,20844164
Ｂｒｉｌｌｉａ　Ｔｏｗｅｒ西新・ＰＲＡＬＩＶＡ,31000,福岡県福岡市早良区西新４,地下鉄空港線「西新」徒歩1分,101.13,2LDK,2021年1月,https://suumo.jp//ms/chuko/fukuoka/sc_fukuokashisawara/nc_78550441/,西新,地下鉄空港線,1,2021-01-01,5,78550441
グランバッソ博多,1290,福岡県福岡市博多区博多駅南２,地下鉄空港線「東比恵」徒歩10分,24.94,1K,2004年3月,https://suumo.jp//ms/chuko/fukuoka/sc_fukuokashihakata/nc_21488473/,東比恵,地下鉄空港線,10,2004-03-01,22,21488473
ゾンネンハイム大手門,1599,福岡県福岡市中央区大手門２,地下鉄空港線「大濠公園」徒歩7分,33.0,1K,1973年8月,https://suumo.jp//ms/chuko/fukuoka/sc_fukuokashichuo/nc_21376557/,大濠公園,地下鉄空港線,7,1973-08-01,53,21376557
ゾンネンハイム大手門　203,1599,福岡県福岡市中央区大手門２-5-10,地下鉄空港線「大濠公園」徒歩7分,33.0,1K,1973年8月,https://suumo.jp//ms/chuko/fukuoka/sc_fukuokashichuo/nc_20904816/,大濠公園,地下鉄空港線,7,1973-08-01,53,20904816
ゾンネンハイム大手門,1599,福岡県福岡市中央区大手門２,地下鉄空港線「大濠公園」徒歩8分,33.0,1K,1973年8月,https://suumo.jp//ms/chuko/fukuoka/sc_fukuokashichuo/nc_21389336/,大濠公園,地下鉄空港線,8,1973-08-01,53,21389336
皐月マンション奈良屋,1980,福岡県福岡市博多区奈良屋町12‐18,地下鉄空港線「中洲川端」徒歩11分,53.28,2LDK,1980年7月,https://suumo.jp//ms/chuko/fukuoka/sc_fukuokashihakata/nc_78566794/,中洲川端,地下鉄空港線,11,1980-07-01,46,78566794
ファミール輝国,1980,福岡県福岡市中央区輝国２,地下鉄七隈線「六本松」徒歩15分,81.6,2LDK+S（納戸）,1984年3月,https://suumo.jp//ms/chuko/fukuoka/sc_fukuokashichuo/nc_21511756/,六本松,地下鉄七隈線,15,1984-03-01,42,21511756
シャンボール桜坂　中古マンション,2000,福岡県福岡市中央区古小烏町,地下鉄七隈線「桜坂」徒歩8分,51.93,2LDK,1974年2月,https://suumo.jp//ms/chuko/fukuoka/sc_fukuokashichuo/nc_21281737/,桜坂,地下鉄七隈線,8,1974-02-01,52,21281737
プレイスポットしんばしビル本館,2148,福岡県福岡市博多区中洲２-1-11,地下鉄七隈線「櫛田神社前」徒歩5分,40.63,1DK,1975年2月,https://suumo.jp//ms/chuko/fukuoka/sc_fukuokashihakata/nc_20351680/,櫛田神社前,地下鉄七隈線,5,1975-02-01,51,20351680
プレイスポットしんばしビル本館,2148,福岡県福岡市博多区中洲２,地下鉄七隈線「櫛田神社前」徒歩2分,40.63,1DK,1975年2月,https://suumo.jp//ms/chuko/fukuoka/sc_fukuokashihakata/nc_20310107/,櫛田神社前,地下鉄七隈線,2,1975-02-01,51,20310107
西新ビル,2180,福岡県福岡市早良区高取１,地下鉄空港線「藤崎」徒歩5分,60.8,2LDK,1972年7月,https://suumo.jp//ms/chuko/fukuoka/sc_fukuokashisawara/nc_20458331/,藤崎,地下鉄空港線,5,1972-07-01,54,20458331
ライオンズマンション昭代,2198,福岡県福岡市早良区昭代１,地下鉄空港線「西新」徒歩14分,58.8,2LDK,1981年3月,https://suumo.jp//ms/chuko/fukuoka/sc_fukuokashisawara/nc_21324082/,西新,地下鉄空港線,14,1981-03-01,45,21324082
ライオンズマンション昭代,2198,福岡県福岡市早良区昭代１-2-15,地下鉄空港線「西新」徒歩13分,58.8,2LDK,1981年3月,https://suumo.jp//ms/chuko/fukuoka/sc_fukuokashisawara/nc_21404261/,西新,地下鉄空港線,13,1981-03-01,45,21404261
ライオンズマンション昭代,2198,福岡県福岡市早良区昭代１,地下鉄空港線「西新」徒歩12分,58.8,2LDK,1981年3月,https://suumo.jp//ms/chuko/fukuoka/sc_fukuokashisawara/nc_21287771/,西新,地下鉄空港線,12,1981-03-01,45,21287771
ライオンズマンション昭代,2198,福岡県福岡市早良区昭代１,地下鉄空港線「西新」徒歩15分,58.8,2LDK,1981年3月,https://suumo.jp//ms/chuko/fukuoka/sc_fukuokashisawara/nc_21409235/,西新,地下鉄空港線,15,1981-03-01,45,21409235
ライオンズマンション昭代　中古マンション,2198,福岡県福岡市早良区昭代１,地下鉄空港線「西新」徒歩15分,58.8,2LDK,1981年3月,https://suumo.jp//ms/chuko/fukuoka/sc_fukuokashisawara/nc_20527006/,西新,地下鉄空港線,15,1981-03-01,45,20527006
ハイライフ平尾,2250,福岡県福岡市中央区平尾４-7-17,地下鉄七隈線「薬院大通」徒歩14分,44.71,1LDK,1977年9月,https://suumo.jp//ms/chuko/fukuoka/sc_fukuokashichuo/nc_20804155/,薬院大通,地下鉄七隈線,14,1977-09-01,49,20804155
グリーンハイツ輝国【担当：中尾】までお気軽にお問合せ…,2430,福岡県福岡市中央区輝国２,地下鉄七隈線「六本松」徒歩14分,73.32,3LDK,1980年1月,https://suumo.jp//ms/chuko/fukuoka/sc_fukuokashichuo/nc_20965244/,六本松,地下鉄七隈線,14,1980-01-01,46,20965244
グリーンハイツ輝国,2430,福岡県福岡市中央区輝国２-24-55,地下鉄七隈線「六本松」徒歩13分,73.32,3LDK,1980年5月,https://suumo.jp//ms/chuko/fukuoka/sc_fukuokashichuo/nc_20962151/,六本松,地下鉄七隈線,13,1980-05-01,46,20962151
藤崎センタービル,2450,福岡県福岡市早良区高取２,地下鉄空港線「藤崎」徒歩1分,42.55,1LDK,1979年11月,https://suumo.jp//ms/chuko/fukuoka/sc_fukuokashisawara/nc_20825678/,藤崎,地下鉄空港線,1,1979-11-01,47,20825678
カーサ第弐博多,2480,福岡県福岡市博多区住吉２,地下鉄七隈線「櫛田神社前」徒歩9分,55.27,1LDK,1981年11月,https://suumo.jp//ms/chuko/fukuoka/sc_fukuokashihakata/nc_21185132/,櫛田神社前,地下鉄七隈線,9,1981-11-01,45,21185132
エンクレスト天神南Ⅲ,2499,福岡県福岡市中央区清川３,地下鉄七隈線「渡辺通」徒歩13分,37.86,1LDK,2005年8月,https://suumo.jp//ms/chuko/fukuoka/sc_fukuokashichuo/nc_21219176/,渡辺通,地下鉄七隈線,13,2005-08-01,21,21219176
第三住吉ハイツ,2569,福岡県福岡市博多区住吉１,ＪＲ鹿児島本線「博多」徒歩13分,67.2,2LDK,1980年5月,https://suumo.jp//ms/chuko/fukuoka/sc_fukuokashihakata/nc_21375475/,博多,ＪＲ鹿児島本線,13,1980-05-01,46,21375475
第三住吉ハイツ,2569,福岡県福岡市博多区住吉５,ＪＲ鹿児島本線「博多」徒歩10分,67.2,2LDK,1980年5月,https://suumo.jp//ms/chuko/fukuoka/sc_fukuokashihakata/nc_20469317/,博多,ＪＲ鹿児島本線,10,1980-05-01,46,20469317
第三住吉ハイツ,2569,福岡県福岡市博多区住吉５,ＪＲ鹿児島本線「博多」徒歩14分,67.2,2LDK,1980年5月,https://suumo.jp//ms/chuko/fukuoka/sc_fukuokashihakata/nc_20445302/,博多,ＪＲ鹿児島本線,14,1980-05-01,46,20445302
東峰マンション西公園【担当：中尾】　までお気軽にお問…,2580,福岡県福岡市中央区荒戸３,地下鉄空港線「大濠公園」徒歩7分,48.59,2LDK,1978年9月,https://suumo.jp//ms/chuko/fukuoka/sc_fukuokashichuo/nc_20868602/,大濠公園,地下鉄空港線,7,1978-09-01,48,20868602
東峰マンション西公園,2580,福岡県福岡市中央区荒戸３,地下鉄空港線「大濠公園」徒歩5分,48.59,2LDK,1978年9月,https://suumo.jp//ms/chuko/fukuoka/sc_fukuokashichuo/nc_20689080/,大濠公園,地下鉄空港線,5,1978-09-01,48,20689080
東峰マンション西公園,2580,福岡県福岡市中央区荒戸３,地下鉄空港線「大濠公園」徒歩5分,48.59,2LDK,1978年9月,https://suumo.jp//ms/chuko/fukuoka/sc_fukuokashichuo/nc_21418716/,大濠公園,地下鉄空港線,5,1978-09-01,48,21418716
東峰マンション西公園,2580,福岡県福岡市中央区荒戸３-2-5,地下鉄空港線「大濠公園」徒歩4分,48.59,2LDK,1978年9月,https://suumo.jp//ms/chuko/fukuoka/sc_fukuokashichuo/nc_21254223/,大濠公園,地下鉄空港線,4,1978-09-01,48,21254223
GSハイム博多　中古マンション,2635,福岡県福岡市博多区博多駅東２,地下鉄空港線「東比恵」徒歩7分,66.15,3DK,1980年10月,https://suumo.jp//ms/chuko/fukuoka/sc_fukuokashihakata/nc_21295900/,東比恵,地下鉄空港線,7,1980-10-01,46,21295900
ライオンズマンション西新,2680,福岡県福岡市早良区西新７,地下鉄空港線「藤崎」徒歩5分,45.97,2DK,1982年2月,https://suumo.jp//ms/chuko/fukuoka/sc_fukuokashisawara/nc_20084916/,藤崎,地下鉄空港線,5,1982-02-01,44,20084916
サンポートハイツ,2690,福岡県福岡市中央区港２-5-32,地下鉄空港線「大濠公園」徒歩8分,60.69,2LDK,1974年9月,https://suumo.jp//ms/chuko/fukuoka/sc_fukuokashichuo/nc_21420201/,大濠公園,地下鉄空港線,8,1974-09-01,52,21420201
サンポートハイツ,2690,福岡県福岡市中央区港２,地下鉄空港線「大濠公園」徒歩7分,60.69,2LDK,1974年9月,https://suumo.jp//ms/chuko/fukuoka/sc_fukuokashichuo/nc_21273339/,大濠公園,地下鉄空港線,7,1974-09-01,52,21273339
サンポートハイツ　中古マンション,2690,福岡県福岡市中央区港２,地下鉄空港線「大濠公園」徒歩8分,60.69,2LDK,1974年9月,https://suumo.jp//ms/chuko/fukuoka/sc_fukuokashichuo/nc_21263257/,大濠公園,地下鉄空港線,8,1974-09-01,52,21263257
サンポートハイツ,2690,福岡県福岡市中央区港２,地下鉄空港線「大濠公園」徒歩7分,60.69,2LDK,1974年9月,https://suumo.jp//ms/chuko/fukuoka/sc_fukuokashichuo/nc_21364074/,大濠公園,地下鉄空港線,7,1974-09-01,52,21364074
サンポートハイツ304,2690,福岡県福岡市中央区港２,地下鉄空港線「大濠公園」徒歩8分,60.69,2LDK,1974年9月,https://suumo.jp//ms/chuko/fukuoka/sc_fukuokashichuo/nc_20812912/,大濠公園,地下鉄空港線,8,1974-09-01,52,20812912
サンポートハイツ,2690,福岡県福岡市中央区港２,地下鉄空港線「大濠公園」徒歩7分,60.69,2LDK,1974年9月,https://suumo.jp//ms/chuko/fukuoka/sc_fukuokashichuo/nc_21277952/,大濠公園,地下鉄空港線,7,1974-09-01,52,21277952
サンポートハイツ,2690,福岡県福岡市中央区港２,地下鉄空港線「大濠公園」徒歩8分,60.69,2LDK,1974年9月,https://suumo.jp//ms/chuko/fukuoka/sc_fukuokashichuo/nc_21409767/,大濠公園,地下鉄空港線,8,1974-09-01,52,21409767
サンポートハイツ,2690,福岡県福岡市中央区港２-5-32,地下鉄空港線「大濠公園」徒歩6分,60.69,2LDK,1974年9月,https://suumo.jp//ms/chuko/fukuoka/sc_fukuokashichuo/nc_21317556/,大濠公園,地下鉄空港線,6,1974-09-01,52,21317556
グランフォーレラグゼ博多駅南,2799,福岡県福岡市博多区博多駅南４-2-26,地下鉄空港線「東比恵」徒歩14分,33.41,1LDK,2016年7月,https://suumo.jp//ms/chuko/fukuoka/sc_fukuokashihakata/nc_21325164/,東比恵,地下鉄空港線,14,2016-07-01,10,21325164
東カングランドマンション大濠パークサイド,2880,福岡県福岡市中央区鳥飼１,地下鉄七隈線「六本松」徒歩12分,55.0,2LDK,1974年8月,https://suumo.jp//ms/chuko/fukuoka/sc_fukuokashichuo/nc_21122262/,六本松,地下鉄七隈線,12,1974-08-01,52,21122262
東カングランドマンション大濠パークサイド,2880,福岡県福岡市中央区鳥飼１-4-58,地下鉄七隈線「六本松」徒歩12分,55.0,2LDK,1974年8月,https://suumo.jp//ms/chuko/fukuoka/sc_fukuokashichuo/nc_21107659/,六本松,地下鉄七隈線,12,1974-08-01,52,21107659
東カングランドマンション大濠パークサイド,2880,福岡県福岡市中央区鳥飼１,地下鉄空港線「唐人町」徒歩12分,55.0,2LDK,1974年8月,https://suumo.jp//ms/chuko/fukuoka/sc_fukuokashichuo/nc_21405586/,唐人町,地下鉄空港線,12,1974-08-01,52,21405586
東カングランドマンション大濠パークサイド,2880,福岡県福岡市中央区鳥飼１,地下鉄七隈線「六本松」徒歩13分,55.0,2LDK,1974年8月,https://suumo.jp//ms/chuko/fukuoka/sc_fukuokashichuo/nc_21450578/,六本松,地下鉄七隈線,13,1974-08-01,52,21450578
東カングランドマンション大濠パークサイド,2880,福岡県福岡市中央区鳥飼１-4-58,地下鉄空港線「唐人町」徒歩12分,55.0,2LDK,1974年8月,https://suumo.jp//ms/chuko/fukuoka/sc_fukuokashichuo/nc_21516218/,唐人町,地下鉄空港線,12,1974-08-01,52,21516218
東カングランドマンション大濠パークサイド,2880,福岡県福岡市中央区鳥飼１,地下鉄七隈線「六本松」徒歩12分,55.0,2LDK,1974年8月,https://suumo.jp//ms/chuko/fukuoka/sc_fukuokashichuo/nc_21466439/,六本松,地下鉄七隈線,12,1974-08-01,52,21466439
ふよう港ハイツ,2890,福岡県福岡市博多区築港本町,地下鉄空港線「中洲川端」徒歩14分,69.43,3LDK,1982年4月,https://suumo.jp//ms/chuko/fukuoka/sc_fukuokashihakata/nc_20873029/,中洲川端,地下鉄空港線,14,1982-04-01,44,20873029
ふよう港ハイツ　中古マンション,2890,福岡県福岡市博多区築港本町,地下鉄空港線「中洲川端」徒歩15分,69.43,3LDK,1982年4月,https://suumo.jp//ms/chuko/fukuoka/sc_fukuokashihakata/nc_20966201/,中洲川端,地下鉄空港線,15,1982-04-01,44,20966201
警固ハウス【担当：中尾】までお気軽にお問合せください…,2899,福岡県福岡市中央区警固１,地下鉄七隈線「薬院大通」徒歩9分,66.0,2LDK,1980年3月,https://suumo.jp//ms/chuko/fukuoka/sc_fukuokashichuo/nc_21105417/,薬院大通,地下鉄七隈線,9,1980-03-01,46,21105417
警固ハウス,2899,福岡県福岡市中央区警固１-15-15,地下鉄七隈線「薬院大通」徒歩8分,66.0,2LDK,1980年3月,https://suumo.jp//ms/chuko/fukuoka/sc_fukuokashichuo/nc_21089824/,薬院大通,地下鉄七隈線,8,1980-03-01,46,21089824
大濠ハウス,2980,福岡県福岡市中央区草香江２,地下鉄七隈線「六本松」徒歩10分,76.18,2LDK+S（納戸）,1978年8月,https://suumo.jp//ms/chuko/fukuoka/sc_fukuokashichuo/nc_20824198/,六本松,地下鉄七隈線,10,1978-08-01,48,20824198
大濠ハウス,2980,福岡県福岡市中央区草香江２,地下鉄七隈線「六本松」徒歩12分,76.18,3LDK,1978年8月,https://suumo.jp//ms/chuko/fukuoka/sc_fukuokashichuo/nc_21019572/,六本松,地下鉄七隈線,12,1978-08-01,48,21019572
大濠ハウス　中古マンション,2980,福岡県福岡市中央区草香江２,地下鉄七隈線「六本松」徒歩12分,76.18,2LDK+S（納戸）,1978年8月,https://suumo.jp//ms/chuko/fukuoka/sc_fukuokashichuo/nc_21167419/,六本松,地下鉄七隈線,12,1978-08-01,48,21167419
ダイアパレス博多,2980,福岡県福岡市博多区博多駅前４,ＪＲ鹿児島本線「博多」徒歩9分,51.03,2LDK,1981年4月,https://suumo.jp//ms/chuko/fukuoka/sc_fukuokashihakata/nc_21298059/,博多,ＪＲ鹿児島本線,9,1981-04-01,45,21298059
グリーンコープ西公園,2980,福岡県福岡市中央区唐人町３,地下鉄空港線「唐人町」徒歩7分,70.74,2LDK,1978年6月,https://suumo.jp//ms/chuko/fukuoka/sc_fukuokashichuo/nc_21293851/,唐人町,地下鉄空港線,7,1978-06-01,48,21293851
ファミール輝国　中古マンション,2990,福岡県福岡市中央区輝国２,地下鉄七隈線「六本松」徒歩15分,81.6,3LDK+S（納戸）,1984年3月,https://suumo.jp//ms/chuko/fukuoka/sc_fukuokashichuo/nc_21104942/,六本松,地下鉄七隈線,15,1984-03-01,42,21104942
ファミール輝国,2990,福岡県福岡市中央区輝国２,地下鉄七隈線「六本松」徒歩15分,81.6,3LDK+S（納戸）,1984年3月,https://suumo.jp//ms/chuko/fukuoka/sc_fukuokashichuo/nc_21132891/,六本松,地下鉄七隈線,15,1984-03-01,42,21132891
ロワールマンション西公園２,2990,福岡県福岡市中央区港３-11-5,地下鉄空港線「大濠公園」徒歩15分,55.04,2LDK,1984年1月,https://suumo.jp//ms/chuko/fukuoka/sc_fukuokashichuo/nc_21484784/,大濠公園,地下鉄空港線,15,1984-01-01,42,21484784
朝日プラザ博多,3080,福岡県福岡市博多区博多駅前４-33-11,ＪＲ鹿児島本線「博多」徒歩12分,54.18,2LDK,1985年6月,https://suumo.jp//ms/chuko/fukuoka/sc_fukuokashihakata/nc_21154723/,博多,ＪＲ鹿児島本線,12,1985-06-01,41,21154723
警固ハウス,3090,福岡県福岡市中央区警固１-15-15,地下鉄七隈線「薬院大通」徒歩8分,66.0,3LDK,1980年3月,https://suumo.jp//ms/chuko/fukuoka/sc_fukuokashichuo/nc_21130902/,薬院大通,地下鉄七隈線,8,1980-03-01,46,21130902
警固ハウス,3090,福岡県福岡市中央区警固１,地下鉄七隈線「薬院大通」徒歩9分,66.0,3LDK,1980年3月,https://suumo.jp//ms/chuko/fukuoka/sc_fukuokashichuo/nc_20911506/,薬院大通,地下鉄七隈線,9,1980-03-01,46,20911506
警固ハウス,3090,福岡県福岡市中央区警固１,地下鉄空港線「赤坂」徒歩10分,66.0,3LDK,1980年3月,https://suumo.jp//ms/chuko/fukuoka/sc_fukuokashichuo/nc_21437178/,赤坂,地下鉄空港線,10,1980-03-01,46,21437178
警固ハウス　中古マンション,3090,福岡県福岡市中央区警固１,地下鉄七隈線「薬院大通」徒歩9分,66.0,3LDK,1980年3月,https://suumo.jp//ms/chuko/fukuoka/sc_fukuokashichuo/nc_21005838/,薬院大通,地下鉄七隈線,9,1980-03-01,46,21005838
警固ハウス,3090,福岡県福岡市中央区警固１,地下鉄七隈線「薬院大通」徒歩9分,66.0,3LDK,1980年2月,https://suumo.jp//ms/chuko/fukuoka/sc_fukuokashichuo/nc_20995706/,薬院大通,地下鉄七隈線,9,1980-02-01,46,20995706
警固ハウス,3090,福岡県福岡市中央区警固１,地下鉄七隈線「薬院大通」徒歩10分,66.0,3LDK,1955年3月,https://suumo.jp//ms/chuko/fukuoka/sc_fukuokashichuo/nc_21425293/,薬院大通,地下鉄七隈線,10,1955-03-01,71,21425293
警固ハウス,3090,福岡県福岡市中央区警固１,地下鉄七隈線「薬院大通」徒歩9分,66.0,3LDK,1980年3月,https://suumo.jp//ms/chuko/fukuoka/sc_fukuokashichuo/nc_20802447/,薬院大通,地下鉄七隈線,9,1980-03-01,46,20802447
警固ハウス,3090,福岡県福岡市中央区警固１,地下鉄七隈線「薬院大通」徒歩8分,66.0,3LDK,1980年3月,https://suumo.jp//ms/chuko/fukuoka/sc_fukuokashichuo/nc_20800032/,薬院大通,地下鉄七隈線,8,1980-03-01,46,20800032
警固ハウス,3090,福岡県福岡市中央区警固１,地下鉄七隈線「薬院大通」徒歩9分,66.0,3LDK,1980年3月,https://suumo.jp//ms/chuko/fukuoka/sc_fukuokashichuo/nc_21544518/,薬院大通,地下鉄七隈線,9,1980-03-01,46,21544518
ロマネスク桜坂ルネッサンス,3099,福岡県福岡市中央区谷２,地下鉄七隈線「桜坂」徒歩9分,83.02,4LDK,1988年10月,https://suumo.jp//ms/chuko/fukuoka/sc_fukuokashichuo/nc_21374846/,桜坂,地下鉄七隈線,9,1988-10-01,38,21374846
ライオンズマンション大名　中古マンション,3145,福岡県福岡市中央区大名１,地下鉄空港線「赤坂」徒歩10分,56.72,3DK,1982年8月,https://suumo.jp//ms/chuko/fukuoka/sc_fukuokashichuo/nc_21280772/,赤坂,地下鉄空港線,10,1982-08-01,44,21280772
GSハイム博多,3150,福岡県福岡市博多区博多駅東２,地下鉄空港線「東比恵」徒歩5分,66.15,3LDK,1980年10月,https://suumo.jp//ms/chuko/fukuoka/sc_fukuokashihakata/nc_21422078/,東比恵,地下鉄空港線,5,1980-10-01,46,21422078
エステートマンション西公園,3180,福岡県福岡市中央区荒戸２,地下鉄空港線「大濠公園」徒歩8分,50.28,1LDK,1987年1月,https://suumo.jp//ms/chuko/fukuoka/sc_fukuokashichuo/nc_21472716/,大濠公園,地下鉄空港線,8,1987-01-01,39,21472716
クリオラベルヴィ呉服町,3199,福岡県福岡市博多区下呉服町3-19,地下鉄空港線「中洲川端」徒歩13分,34.4,1LDK,2018年1月,https://suumo.jp//ms/chuko/fukuoka/sc_fukuokashihakata/nc_20776675/,中洲川端,地下鉄空港線,13,2018-01-01,8,20776675
クリオラベルヴィ呉服町,3199,福岡県福岡市博多区下呉服町,地下鉄箱崎線「中洲川端」徒歩11分,34.4,1LDK,2018年1月,https://suumo.jp//ms/chuko/fukuoka/sc_fukuokashihakata/nc_79057012/,中洲川端,地下鉄箱崎線,11,2018-01-01,8,79057012
クリオラベルヴィ呉服町,3199,福岡県福岡市博多区中呉服町,地下鉄箱崎線「中洲川端」徒歩12分,34.4,1LDK,2018年1月,https://suumo.jp//ms/chuko/fukuoka/sc_fukuokashihakata/nc_21283680/,中洲川端,地下鉄箱崎線,12,2018-01-01,8,21283680
クリオラベルヴィ呉服町,3199,福岡県福岡市博多区下呉服町,地下鉄空港線「中洲川端」徒歩12分,34.4,1LDK,2018年1月,https://suumo.jp//ms/chuko/fukuoka/sc_fukuokashihakata/nc_21441994/,中洲川端,地下鉄空港線,12,2018-01-01,8,21441994
クリオラベルヴィ呉服町,3199,福岡県福岡市博多区下呉服町3-19,地下鉄空港線「中洲川端」徒歩12分,34.4,1LDK,2018年1月,https://suumo.jp//ms/chuko/fukuoka/sc_fukuokashihakata/nc_79076927/,中洲川端,地下鉄空港線,12,2018-01-01,8,79076927
オーセントスクエア室見アーバンコンフォート,3200,福岡県福岡市早良区室見４,地下鉄空港線「藤崎」徒歩15分,60.03,2LDK,2004年1月,https://suumo.jp//ms/chuko/fukuoka/sc_fukuokashisawara/nc_74991725/,藤崎,地下鉄空港線,15,2004-01-01,22,74991725
クリオラベルヴィ呉服町ウエスト,3280,福岡県福岡市博多区下呉服町,地下鉄空港線「中洲川端」徒歩11分,34.4,1LDK,2020年11月,https://suumo.jp//ms/chuko/fukuoka/sc_fukuokashihakata/nc_21186021/,中洲川端,地下鉄空港線,11,2020-11-01,6,21186021
ライオンズマンション舞鶴第2,3280,福岡県福岡市中央区舞鶴３,地下鉄空港線「赤坂」徒歩6分,52.72,2DK+S（納戸）,1982年9月,https://suumo.jp//ms/chuko/fukuoka/sc_fukuokashichuo/nc_20591721/,赤坂,地下鉄空港線,6,1982-09-01,44,20591721
サーパス大博通り,3399,福岡県福岡市博多区大博町5-27,地下鉄箱崎線「中洲川端」徒歩15分,48.39,1LDK,1990年3月,https://suumo.jp//ms/chuko/fukuoka/sc_fukuokashihakata/nc_20984761/,中洲川端,地下鉄箱崎線,15,1990-03-01,36,20984761
サーパス大博通り,3399,福岡県福岡市博多区大博町,地下鉄箱崎線「中洲川端」徒歩15分,48.39,1LDK,1990年3月,https://suumo.jp//ms/chuko/fukuoka/sc_fukuokashihakata/nc_21118621/,中洲川端,地下鉄箱崎線,15,1990-03-01,36,21118621
サーパス大博通り,3399,福岡県福岡市博多区大博町,地下鉄空港線「中洲川端」徒歩15分,48.39,1LDK,1990年3月,https://suumo.jp//ms/chuko/fukuoka/sc_fukuokashihakata/nc_21190896/,中洲川端,地下鉄空港線,15,1990-03-01,36,21190896
サーパス大博通り,3399,福岡県福岡市博多区大博町,地下鉄空港線「中洲川端」徒歩15分,48.39,1LDK,1990年3月,https://suumo.jp//ms/chuko/fukuoka/sc_fukuokashihakata/nc_21442010/,中洲川端,地下鉄空港線,15,1990-03-01,36,21442010
赤坂エクセル,3449,福岡県福岡市中央区赤坂３,地下鉄七隈線「桜坂」徒歩13分,79.5,2LDK,1974年11月,https://suumo.jp//ms/chuko/fukuoka/sc_fukuokashichuo/nc_79101544/,桜坂,地下鉄七隈線,13,1974-11-01,52,79101544
アムール山王公園南,3450,福岡県福岡市博多区半道橋１,地下鉄空港線「東比恵」徒歩15分,64.89,3LDK,1998年7月,https://suumo.jp//ms/chuko/fukuoka/sc_fukuokashihakata/nc_20667031/,東比恵,地下鉄空港線,15,1998-07-01,28,20667031
藤和コープソシエ大名,3490,福岡県福岡市中央区大名１,地下鉄七隈線「天神南」徒歩8分,67.0,2LDK,1979年11月,https://suumo.jp//ms/chuko/fukuoka/sc_fukuokashichuo/nc_20919736/,天神南,地下鉄七隈線,8,1979-11-01,47,20919736
東峰マンション第二西公園,3498,福岡県福岡市中央区荒戸３,地下鉄空港線「唐人町」徒歩9分,73.55,3LDK,1982年2月,https://suumo.jp//ms/chuko/fukuoka/sc_fukuokashichuo/nc_21514481/,唐人町,地下鉄空港線,9,1982-02-01,44,21514481
東峰マンション第二西公園,3498,福岡県福岡市中央区荒戸３,地下鉄空港線「唐人町」徒歩8分,73.55,3LDK,1982年2月,https://suumo.jp//ms/chuko/fukuoka/sc_fukuokashichuo/nc_21515563/,唐人町,地下鉄空港線,8,1982-02-01,44,21515563
東峰マンション第二西公園,3498,福岡県福岡市中央区荒戸３,地下鉄空港線「唐人町」徒歩9分,73.55,3LDK,1982年2月,https://suumo.jp//ms/chuko/fukuoka/sc_fukuokashichuo/nc_21495745/,唐人町,地下鉄空港線,9,1982-02-01,44,21495745
東峰マンション第二西公園,3498,福岡県福岡市中央区荒戸３,地下鉄空港線「唐人町」徒歩7分,73.55,3LDK,1982年2月,https://suumo.jp//ms/chuko/fukuoka/sc_fukuokashichuo/nc_21509028/,唐人町,地下鉄空港線,7,1982-02-01,44,21509028
東峰マンション第二西公園,3498,福岡県福岡市中央区荒戸３-3-48,地下鉄空港線「唐人町」徒歩9分,73.55,3LDK,1982年2月,https://suumo.jp//ms/chuko/fukuoka/sc_fukuokashichuo/nc_21507425/,唐人町,地下鉄空港線,9,1982-02-01,44,21507425
東峰マンション西公園第二,3498,福岡県福岡市中央区荒戸３,地下鉄空港線「唐人町」徒歩9分,73.55,3LDK,1982年2月,https://suumo.jp//ms/chuko/fukuoka/sc_fukuokashichuo/nc_21476147/,唐人町,地下鉄空港線,9,1982-02-01,44,21476147
東峰マンション第二西公園　中古マンション,3498,福岡県福岡市中央区荒戸３,地下鉄空港線「唐人町」徒歩9分,73.55,3LDK,1982年2月,https://suumo.jp//ms/chuko/fukuoka/sc_fukuokashichuo/nc_21535742/,唐人町,地下鉄空港線,9,1982-02-01,44,21535742
東峰マンション第二西公園,3498,福岡県福岡市中央区荒戸３,地下鉄空港線「唐人町」徒歩9分,73.55,3LDK,1982年2月,https://suumo.jp//ms/chuko/fukuoka/sc_fukuokashichuo/nc_21537054/,唐人町,地下鉄空港線,9,1982-02-01,44,21537054
ライフピア舞鶴,3499,福岡県福岡市中央区舞鶴３-3-4,地下鉄空港線「赤坂」徒歩6分,72.3,2LDK,1982年4月,https://suumo.jp//ms/chuko/fukuoka/sc_fukuokashichuo/nc_21379167/,赤坂,地下鉄空港線,6,1982-04-01,44,21379167
ライフピア舞鶴【担当：中尾】　までお気軽にお問合せく…,3499,福岡県福岡市中央区舞鶴３,地下鉄空港線「赤坂」徒歩6分,72.3,2LDK,1982年4月,https://suumo.jp//ms/chuko/fukuoka/sc_fukuokashichuo/nc_21375222/,赤坂,地下鉄空港線,6,1982-04-01,44,21375222
ラフィネスシャトードゥ赤坂,3499,福岡県福岡市中央区大手門１,地下鉄空港線「赤坂」徒歩8分,32.81,1LDK,2002年6月,https://suumo.jp//ms/chuko/fukuoka/sc_fukuokashichuo/nc_20968854/,赤坂,地下鉄空港線,8,2002-06-01,24,20968854
ラフィネスシャトードゥ赤坂,3499,福岡県福岡市中央区大手門１,地下鉄空港線「赤坂」徒歩7分,32.81,1LDK,2002年6月,https://suumo.jp//ms/chuko/fukuoka/sc_fukuokashichuo/nc_21079957/,赤坂,地下鉄空港線,7,2002-06-01,24,21079957
ライフピア舞鶴,3499,福岡県福岡市中央区舞鶴３,地下鉄空港線「赤坂」徒歩7分,72.3,2LDK,1982年4月,https://suumo.jp//ms/chuko/fukuoka/sc_fukuokashichuo/nc_21383627/,赤坂,地下鉄空港線,7,1982-04-01,44,21383627
ライフピア舞鶴,3499,福岡県福岡市中央区舞鶴３,地下鉄空港線「赤坂」徒歩6分,72.3,2LDK,1982年4月,https://suumo.jp//ms/chuko/fukuoka/sc_fukuokashichuo/nc_21414118/,赤坂,地下鉄空港線,6,1982-04-01,44,21414118
ロマネスク桜坂第2,3499,福岡県福岡市中央区桜坂１,地下鉄七隈線「桜坂」徒歩3分,42.25,1LDK,1992年6月,https://suumo.jp//ms/chuko/fukuoka/sc_fukuokashichuo/nc_21359975/,桜坂,地下鉄七隈線,3,1992-06-01,34,21359975
朝日プラザ大濠,3580,福岡県福岡市中央区草香江２,地下鉄七隈線「六本松」徒歩4分,69.12,3LDK,1983年3月,https://suumo.jp//ms/chuko/fukuoka/sc_fukuokashichuo/nc_20449512/,六本松,地下鉄七隈線,4,1983-03-01,43,20449512
グランフォーレ西新,3599,福岡県福岡市早良区城西１,地下鉄空港線「西新」徒歩5分,40.05,1LDK,2006年9月,https://suumo.jp//ms/chuko/fukuoka/sc_fukuokashisawara/nc_21535908/,西新,地下鉄空港線,5,2006-09-01,20,21535908
グランフォーレ西新,3599,福岡県福岡市早良区城西１-8-14,地下鉄空港線「西新」徒歩7分,40.05,1LDK,2006年9月,https://suumo.jp//ms/chuko/fukuoka/sc_fukuokashisawara/nc_21177479/,西新,地下鉄空港線,7,2006-09-01,20,21177479
グランフォーレ西新,3599,福岡県福岡市早良区城西１,地下鉄空港線「西新」徒歩5分,40.05,1LDK,2006年9月,https://suumo.jp//ms/chuko/fukuoka/sc_fukuokashisawara/nc_21451031/,西新,地下鉄空港線,5,2006-09-01,20,21451031
ラフィネスシャトードゥ赤坂,3599,福岡県福岡市中央区大手門１-3番31,地下鉄空港線「赤坂」徒歩7分,32.81,1LK,2002年6月,https://suumo.jp//ms/chuko/fukuoka/sc_fukuokashichuo/nc_20292231/,赤坂,地下鉄空港線,7,2002-06-01,24,20292231
グレイス博多,3680,福岡県福岡市博多区博多駅東３,地下鉄空港線「東比恵」徒歩6分,95.29,3LDK,1980年8月,https://suumo.jp//ms/chuko/fukuoka/sc_fukuokashihakata/nc_21319148/,東比恵,地下鉄空港線,6,1980-08-01,46,21319148
グランフォーレ西新,3699,福岡県福岡市早良区城西１,地下鉄空港線「西新」徒歩5分,40.05,1LDK,2006年9月,https://suumo.jp//ms/chuko/fukuoka/sc_fukuokashisawara/nc_20965679/,西新,地下鉄空港線,5,2006-09-01,20,20965679
日商岩井今泉マンション,3780,福岡県福岡市中央区今泉２,西鉄天神大牟田線「薬院」徒歩8分,78.75,3LDK,1974年7月,https://suumo.jp//ms/chuko/fukuoka/sc_fukuokashichuo/nc_21351575/,薬院,西鉄天神大牟田線,8,1974-07-01,52,21351575
サンライフ六本松,3790,福岡県福岡市中央区草香江２,地下鉄七隈線「六本松」徒歩3分,60.02,2LDK,1984年5月,https://suumo.jp//ms/chuko/fukuoka/sc_fukuokashichuo/nc_20846488/,六本松,地下鉄七隈線,3,1984-05-01,42,20846488
ライオンズマンション警固南,3800,福岡県福岡市中央区薬院２,地下鉄七隈線「薬院大通」徒歩6分,67.43,2LDK,1983年7月,https://suumo.jp//ms/chuko/fukuoka/sc_fukuokashichuo/nc_21045538/,薬院大通,地下鉄七隈線,6,1983-07-01,43,21045538
ハイラーク舞鶴,3840,福岡県福岡市中央区舞鶴１,地下鉄空港線「赤坂」徒歩9分,67.98,2LDK,1980年1月,https://suumo.jp//ms/chuko/fukuoka/sc_fukuokashichuo/nc_21450877/,赤坂,地下鉄空港線,9,1980-01-01,46,21450877
ハイラーク舞鶴,3840,福岡県福岡市中央区舞鶴１-3-31,地下鉄空港線「赤坂」徒歩8分,67.98,2LDK,1980年1月,https://suumo.jp//ms/chuko/fukuoka/sc_fukuokashichuo/nc_21309798/,赤坂,地下鉄空港線,8,1980-01-01,46,21309798
赤坂パインマンション,3999,福岡県福岡市中央区赤坂１,地下鉄空港線「赤坂」徒歩7分,72.0,2LDK,1981年5月,https://suumo.jp//ms/chuko/fukuoka/sc_fukuokashichuo/nc_21541412/,赤坂,地下鉄空港線,7,1981-05-01,45,21541412
赤坂パインマンション,3999,福岡県福岡市中央区赤坂１,地下鉄空港線「赤坂」徒歩7分,72.0,2LDK,1981年5月,https://suumo.jp//ms/chuko/fukuoka/sc_fukuokashichuo/nc_21535055/,赤坂,地下鉄空港線,7,1981-05-01,45,21535055
赤坂パインマンション,3999,福岡県福岡市中央区赤坂１,地下鉄空港線「赤坂」徒歩7分,72.0,2LDK,1981年5月,https://suumo.jp//ms/chuko/fukuoka/sc_fukuokashichuo/nc_21535366/,赤坂,地下鉄空港線,7,1981-05-01,45,21535366
赤坂パインマンション　中古マンション,3999,福岡県福岡市中央区赤坂１,地下鉄空港線「赤坂」徒歩7分,72.0,2LDK,1981年5月,https://suumo.jp//ms/chuko/fukuoka/sc_fukuokashichuo/nc_21531937/,赤坂,地下鉄空港線,7,1981-05-01,45,21531937
ヒューマインド博多駅東ネクスタイル,4099,福岡県福岡市博多区東比恵３,地下鉄空港線「東比恵」徒歩4分,58.3,2LDK,2005年4月,https://suumo.jp//ms/chuko/fukuoka/sc_fukuokashihakata/nc_21466839/,東比恵,地下鉄空港線,4,2005-04-01,21,21466839
ロマネスク室見,4180,福岡県福岡市早良区室見１,地下鉄空港線「藤崎」徒歩7分,67.67,3LDK,1985年7月,https://suumo.jp//ms/chuko/fukuoka/sc_fukuokashisawara/nc_20707189/,藤崎,地下鉄空港線,7,1985-07-01,41,20707189
パーク・サンリヤン博多の森Ⅰ・Ⅱ番館,4190,福岡県糟屋郡志免町別府西２-24-2,地下鉄空港線「福岡空港」徒歩11分,82.19,3LDK,2003年3月,https://suumo.jp//ms/chuko/fukuoka/sc_kasuyagunshime/nc_21093287/,福岡空港,地下鉄空港線,11,2003-03-01,23,21093287
アンピール百年橋,4190,福岡県福岡市中央区清川３,地下鉄七隈線「渡辺通」徒歩15分,70.11,3LDK,1995年8月,https://suumo.jp//ms/chuko/fukuoka/sc_fukuokashichuo/nc_21514350/,渡辺通,地下鉄七隈線,15,1995-08-01,31,21514350
アンピール百年橋,4190,福岡県福岡市中央区清川３,地下鉄七隈線「渡辺通」徒歩15分,70.11,3LDK,1995年8月,https://suumo.jp//ms/chuko/fukuoka/sc_fukuokashichuo/nc_21467812/,渡辺通,地下鉄七隈線,15,1995-08-01,31,21467812
アンピール百年橋,4190,福岡県福岡市中央区清川３,地下鉄七隈線「渡辺通」徒歩15分,70.11,3LDK,1995年8月,https://suumo.jp//ms/chuko/fukuoka/sc_fukuokashichuo/nc_21476300/,渡辺通,地下鉄七隈線,15,1995-08-01,31,21476300
アンピール百年橋,4190,福岡県福岡市中央区清川３-9-23,地下鉄七隈線「渡辺通」徒歩15分,70.11,3LDK,1995年8月,https://suumo.jp//ms/chuko/fukuoka/sc_fukuokashichuo/nc_21456527/,渡辺通,地下鉄七隈線,15,1995-08-01,31,21456527
リファレンス天神南,4199,福岡県福岡市中央区清川２,地下鉄七隈線「渡辺通」徒歩13分,65.32,3LDK,2002年3月,https://suumo.jp//ms/chuko/fukuoka/sc_fukuokashichuo/nc_20401158/,渡辺通,地下鉄七隈線,13,2002-03-01,24,20401158
リファレンス天神南,4199,福岡県福岡市中央区清川２,地下鉄七隈線「渡辺通」徒歩13分,65.32,3LDK,2002年3月,https://suumo.jp//ms/chuko/fukuoka/sc_fukuokashichuo/nc_20056310/,渡辺通,地下鉄七隈線,13,2002-03-01,24,20056310
【リファレンス天神南】リフォーム済みの3面採光角部屋…,4199,福岡県福岡市中央区清川２,地下鉄七隈線「渡辺通」徒歩13分,65.32,3LDK,2002年3月,https://suumo.jp//ms/chuko/fukuoka/sc_fukuokashichuo/nc_20172796/,渡辺通,地下鉄七隈線,13,2002-03-01,24,20172796
リファレンス天神南,4199,福岡県福岡市中央区清川２,地下鉄七隈線「渡辺通」徒歩13分,65.32,3LDK,2002年3月,https://suumo.jp//ms/chuko/fukuoka/sc_fukuokashichuo/nc_21382272/,渡辺通,地下鉄七隈線,13,2002-03-01,24,21382272
モントーレ東比恵クレア,4199,福岡県福岡市博多区東比恵３,地下鉄空港線「東比恵」徒歩2分,42.77,1LDK,2019年2月,https://suumo.jp//ms/chuko/fukuoka/sc_fukuokashihakata/nc_21451003/,東比恵,地下鉄空港線,2,2019-02-01,7,21451003
リファレンス天神南,4199,福岡県福岡市中央区清川２,地下鉄七隈線「渡辺通」徒歩13分,65.32,3LDK,2002年3月,https://suumo.jp//ms/chuko/fukuoka/sc_fukuokashichuo/nc_21199655/,渡辺通,地下鉄七隈線,13,2002-03-01,24,21199655
リファレンス天神南,4199,福岡県福岡市中央区清川２,地下鉄七隈線「渡辺通」徒歩12分,65.32,3LDK,2002年3月,https://suumo.jp//ms/chuko/fukuoka/sc_fukuokashichuo/nc_20589194/,渡辺通,地下鉄七隈線,12,2002-03-01,24,20589194
リファレンス天神南,4199,福岡県福岡市中央区清川２,地下鉄七隈線「渡辺通」徒歩14分,65.32,3LDK,2002年3月,https://suumo.jp//ms/chuko/fukuoka/sc_fukuokashichuo/nc_21351500/,渡辺通,地下鉄七隈線,14,2002-03-01,24,21351500
モントーレ東比恵クレア,4199,福岡県福岡市博多区東比恵３,地下鉄空港線「東比恵」徒歩3分,42.77,1LDK,2019年2月,https://suumo.jp//ms/chuko/fukuoka/sc_fukuokashihakata/nc_79172819/,東比恵,地下鉄空港線,3,2019-02-01,7,79172819
朝日プラザ浄水,4199,福岡県福岡市中央区薬院４,地下鉄七隈線「薬院大通」徒歩4分,74.88,3LDK,1981年4月,https://suumo.jp//ms/chuko/fukuoka/sc_fukuokashichuo/nc_21156825/,薬院大通,地下鉄七隈線,4,1981-04-01,45,21156825
藤崎ロジュマン,4350,福岡県福岡市早良区昭代３-9-5,地下鉄空港線「藤崎」徒歩11分,82.76,3LDK,1988年3月,https://suumo.jp//ms/chuko/fukuoka/sc_fukuokashisawara/nc_21363648/,藤崎,地下鉄空港線,11,1988-03-01,38,21363648
藤崎ロジュマン,4350,福岡県福岡市早良区昭代３-9-5,地下鉄空港線「藤崎」徒歩13分,82.76,4LDK,1988年3月,https://suumo.jp//ms/chuko/fukuoka/sc_fukuokashisawara/nc_21539151/,藤崎,地下鉄空港線,13,1988-03-01,38,21539151
藤崎ロジュマン,4350,福岡県福岡市早良区昭代３,地下鉄空港線「藤崎」徒歩13分,82.76,4LDK,1988年3月,https://suumo.jp//ms/chuko/fukuoka/sc_fukuokashisawara/nc_21468855/,藤崎,地下鉄空港線,13,1988-03-01,38,21468855
藤崎ロジュマン,4350,福岡県福岡市早良区昭代３,地下鉄空港線「藤崎」徒歩11分,82.76,4LDK,1988年3月,https://suumo.jp//ms/chuko/fukuoka/sc_fukuokashisawara/nc_20812024/,藤崎,地下鉄空港線,11,1988-03-01,38,20812024
藤崎ロジュマン,4350,福岡県福岡市早良区昭代３,地下鉄空港線「藤崎」徒歩13分,82.76,4LDK,1988年3月,https://suumo.jp//ms/chuko/fukuoka/sc_fukuokashisawara/nc_20187670/,藤崎,地下鉄空港線,13,1988-03-01,38,20187670
【藤崎ロジュマン】高取小・中エリア～専用庭付4LDK…,4350,福岡県福岡市早良区昭代３,地下鉄空港線「藤崎」徒歩10分,82.76,3LDK,1988年3月,https://suumo.jp//ms/chuko/fukuoka/sc_fukuokashisawara/nc_20378888/,藤崎,地下鉄空港線,10,1988-03-01,38,20378888
藤崎ロジュマン,4350,福岡県福岡市早良区昭代３,地下鉄空港線「藤崎」徒歩11分,82.76,4LDK,1988年3月,https://suumo.jp//ms/chuko/fukuoka/sc_fukuokashisawara/nc_78705032/,藤崎,地下鉄空港線,11,1988-03-01,38,78705032
藤崎ロジュマン,4350,福岡県福岡市早良区昭代３,地下鉄空港線「藤崎」徒歩10分,82.76,4LDK,1988年3月,https://suumo.jp//ms/chuko/fukuoka/sc_fukuokashisawara/nc_21199643/,藤崎,地下鉄空港線,10,1988-03-01,38,21199643
藤崎ロジュマン,4350,福岡県福岡市早良区昭代３,地下鉄空港線「藤崎」徒歩13分,82.76,4LDK,1988年3月,https://suumo.jp//ms/chuko/fukuoka/sc_fukuokashisawara/nc_20214981/,藤崎,地下鉄空港線,13,1988-03-01,38,20214981
ロイヤルマンション西新,4399,福岡県福岡市早良区祖原,地下鉄空港線「西新」徒歩8分,84.48,4LDK,1987年11月,https://suumo.jp//ms/chuko/fukuoka/sc_fukuokashisawara/nc_20588692/,西新,地下鉄空港線,8,1987-11-01,39,20588692
アンピール空港通り２,4399,福岡県福岡市博多区豊２,地下鉄空港線「東比恵」徒歩11分,77.26,3LDK,2009年3月,https://suumo.jp//ms/chuko/fukuoka/sc_fukuokashihakata/nc_21404214/,東比恵,地下鉄空港線,11,2009-03-01,17,21404214
ロイヤルマンション西新,4399,福岡県福岡市早良区祖原23‐20,地下鉄空港線「西新」徒歩12分,84.48,4LDK,1987年11月,https://suumo.jp//ms/chuko/fukuoka/sc_fukuokashisawara/nc_21058298/,西新,地下鉄空港線,12,1987-11-01,39,21058298
ロイヤルマンション西新,4399,福岡県福岡市早良区祖原,地下鉄空港線「西新」徒歩8分,84.48,4LDK,1987年11月,https://suumo.jp//ms/chuko/fukuoka/sc_fukuokashisawara/nc_21451064/,西新,地下鉄空港線,8,1987-11-01,39,21451064
ロイヤルマンション西新,4399,福岡県福岡市早良区祖原,地下鉄空港線「西新」徒歩12分,84.48,4LDK,1987年11月,https://suumo.jp//ms/chuko/fukuoka/sc_fukuokashisawara/nc_21011970/,西新,地下鉄空港線,12,1987-11-01,39,21011970
南薬院パーク・マンション,4480,福岡県福岡市中央区薬院２,地下鉄七隈線「薬院大通」徒歩4分,72.08,3LDK,1985年5月,https://suumo.jp//ms/chuko/fukuoka/sc_fukuokashichuo/nc_21366476/,薬院大通,地下鉄七隈線,4,1985-05-01,41,21366476
トーカンマンション浄水通り,4480,福岡県福岡市中央区薬院４,地下鉄七隈線「薬院大通」徒歩4分,70.76,2LDK,1987年2月,https://suumo.jp//ms/chuko/fukuoka/sc_fukuokashichuo/nc_21474828/,薬院大通,地下鉄七隈線,4,1987-02-01,39,21474828
南薬院パーク・マンション【担当：中尾】　までお気軽に…,4480,福岡県福岡市中央区薬院２,地下鉄七隈線「薬院大通」徒歩6分,72.08,3LDK,1985年5月,https://suumo.jp//ms/chuko/fukuoka/sc_fukuokashichuo/nc_21354346/,薬院大通,地下鉄七隈線,6,1985-05-01,41,21354346
南薬院パークマンション,4480,福岡県福岡市中央区薬院２,地下鉄七隈線「薬院大通」徒歩6分,72.08,3LDK,1985年5月,https://suumo.jp//ms/chuko/fukuoka/sc_fukuokashichuo/nc_21335925/,薬院大通,地下鉄七隈線,6,1985-05-01,41,21335925
アルデ別府,4490,福岡県福岡市城南区別府１-16-28,地下鉄七隈線「別府」徒歩6分,107.96,4LDK,2006年1月,https://suumo.jp//ms/chuko/fukuoka/sc_fukuokashijonan/nc_77889490/,別府,地下鉄七隈線,6,2006-01-01,20,77889490
朝日プラザ天神,4499,福岡県福岡市中央区舞鶴１-9-3,地下鉄空港線「天神」徒歩4分,55.5,3DK,1986年5月,https://suumo.jp//ms/chuko/fukuoka/sc_fukuokashichuo/nc_20822755/,天神,地下鉄空港線,4,1986-05-01,40,20822755
サヴォイ　ザ・リバーテラス,4599,福岡県福岡市博多区中洲中島町,地下鉄箱崎線「中洲川端」徒歩5分,49.89,2LDK,2006年2月,https://suumo.jp//ms/chuko/fukuoka/sc_fukuokashihakata/nc_21014065/,中洲川端,地下鉄箱崎線,5,2006-02-01,20,21014065
サヴォィ　ザ・リバーテラス,4599,福岡県福岡市博多区中洲中島町,地下鉄空港線「中洲川端」徒歩8分,49.89,2LDK,2006年2月,https://suumo.jp//ms/chuko/fukuoka/sc_fukuokashihakata/nc_21540048/,中洲川端,地下鉄空港線,8,2006-02-01,20,21540048
サヴォイ　ザ・リバーテラス,4599,福岡県福岡市博多区中洲中島町,地下鉄空港線「中洲川端」徒歩8分,49.89,2LDK,2006年2月,https://suumo.jp//ms/chuko/fukuoka/sc_fukuokashihakata/nc_21422191/,中洲川端,地下鉄空港線,8,2006-02-01,20,21422191
サヴォイ ザ・リバーテラス,4599,福岡県福岡市博多区中洲中島町,地下鉄空港線「中洲川端」徒歩8分,49.89,2LDK,2006年2月,https://suumo.jp//ms/chuko/fukuoka/sc_fukuokashihakata/nc_21134076/,中洲川端,地下鉄空港線,8,2006-02-01,20,21134076
エステートマンション大濠グランディール,4880,福岡県福岡市中央区今川２-7-52,地下鉄空港線「唐人町」徒歩8分,68.37,3LDK,1991年3月,https://suumo.jp//ms/chuko/fukuoka/sc_fukuokashichuo/nc_21216421/,唐人町,地下鉄空港線,8,1991-03-01,35,21216421
エステートマンション大濠グランディール,4880,福岡県福岡市中央区今川２,地下鉄空港線「西新」徒歩9分,68.37,3LDK,1991年3月,https://suumo.jp//ms/chuko/fukuoka/sc_fukuokashichuo/nc_21246756/,西新,地下鉄空港線,9,1991-03-01,35,21246756
ソレイユ赤坂南,4898,福岡県福岡市中央区六本松３,地下鉄七隈線「桜坂」徒歩7分,75.03,3LDK,1989年10月,https://suumo.jp//ms/chuko/fukuoka/sc_fukuokashichuo/nc_21285178/,桜坂,地下鉄七隈線,7,1989-10-01,37,21285178
ソレイユ赤坂南,4898,福岡県福岡市中央区六本松３-5-35,地下鉄七隈線「桜坂」徒歩6分,75.03,3LDK,1989年10月,https://suumo.jp//ms/chuko/fukuoka/sc_fukuokashichuo/nc_21460598/,桜坂,地下鉄七隈線,6,1989-10-01,37,21460598
ロイヤルマンションユトリテ田島,4980,福岡県福岡市城南区田島１,地下鉄七隈線「別府」徒歩15分,91.98,3LDK+S（納戸）,2005年3月,https://suumo.jp//ms/chuko/fukuoka/sc_fukuokashijonan/nc_21051303/,別府,地下鉄七隈線,15,2005-03-01,21,21051303
ロイヤルマンションユトリテ田島,4980,福岡県福岡市城南区田島１-4-18,地下鉄七隈線「別府」徒歩13分,91.98,3LDK+S（納戸）,2005年3月,https://suumo.jp//ms/chuko/fukuoka/sc_fukuokashijonan/nc_21440281/,別府,地下鉄七隈線,13,2005-03-01,21,21440281
パーク・エステート博多,4999,福岡県福岡市博多区店屋町,地下鉄空港線「祇園」徒歩7分,60.81,2LDK,1997年3月,https://suumo.jp//ms/chuko/fukuoka/sc_fukuokashihakata/nc_20612025/,祇園,地下鉄空港線,7,1997-03-01,29,20612025
パーク・エステート博多503号室,4999,福岡県福岡市博多区店屋町,地下鉄空港線「祇園」徒歩6分,60.81,2LDK,1997年2月,https://suumo.jp//ms/chuko/fukuoka/sc_fukuokashihakata/nc_20387762/,祇園,地下鉄空港線,6,1997-02-01,29,20387762
パークエステート博多,4999,福岡県福岡市博多区店屋町,地下鉄箱崎線「中洲川端」徒歩6分,60.81,3LDK,1997年3月,https://suumo.jp//ms/chuko/fukuoka/sc_fukuokashihakata/nc_20758909/,中洲川端,地下鉄箱崎線,6,1997-03-01,29,20758909
ソピア大濠西,5280,福岡県福岡市中央区鳥飼３,地下鉄空港線「西新」徒歩10分,69.57,3LDK,1999年3月,https://suumo.jp//ms/chuko/fukuoka/sc_fukuokashichuo/nc_21533580/,西新,地下鉄空港線,10,1999-03-01,27,21533580
ソピア大濠西,5280,福岡県福岡市中央区鳥飼３-16-3,地下鉄空港線「西新」徒歩9分,69.57,3LDK,1999年3月,https://suumo.jp//ms/chuko/fukuoka/sc_fukuokashichuo/nc_21456525/,西新,地下鉄空港線,9,1999-03-01,27,21456525
第３３プリンスマンション城南,5380,福岡県福岡市城南区別府１,地下鉄七隈線「別府」徒歩4分,85.4,3LDK,1986年8月,https://suumo.jp//ms/chuko/fukuoka/sc_fukuokashijonan/nc_21205678/,別府,地下鉄七隈線,4,1986-08-01,40,21205678
ライオンズプラザ平尾,5498,福岡県福岡市中央区平尾１,地下鉄七隈線「薬院」徒歩9分,73.76,3LDK,1996年2月,https://suumo.jp//ms/chuko/fukuoka/sc_fukuokashichuo/nc_21456616/,薬院,地下鉄七隈線,9,1996-02-01,30,21456616
三井薬院ハイツ,5500,福岡県福岡市中央区薬院２,地下鉄七隈線「薬院大通」徒歩6分,98.7,4LDK,1982年10月,https://suumo.jp//ms/chuko/fukuoka/sc_fukuokashichuo/nc_21185449/,薬院大通,地下鉄七隈線,6,1982-10-01,44,21185449
パークホームズ室見駅前,5780,福岡県福岡市早良区室見５,地下鉄空港線「藤崎」徒歩12分,71.47,3LDK,2004年5月,https://suumo.jp//ms/chuko/fukuoka/sc_fukuokashisawara/nc_21227568/,藤崎,地下鉄空港線,12,2004-05-01,22,21227568
アーバンパレスアルカディア博多駅東,5900,福岡県福岡市博多区東比恵４,地下鉄空港線「東比恵」徒歩2分,86.5,3LDK,1997年1月,https://suumo.jp//ms/chuko/fukuoka/sc_fukuokashihakata/nc_21457348/,東比恵,地下鉄空港線,2,1997-01-01,29,21457348
アンピール六本松,5980,福岡県福岡市中央区六本松４,地下鉄七隈線「六本松」徒歩6分,71.23,3LDK,1994年9月,https://suumo.jp//ms/chuko/fukuoka/sc_fukuokashichuo/nc_20605017/,六本松,地下鉄七隈線,6,1994-09-01,32,20605017
ヒューマインド博多駅東ネクスタイル,5999,福岡県福岡市博多区東比恵３,地下鉄空港線「東比恵」徒歩7分,80.11,3LDK,2005年4月,https://suumo.jp//ms/chuko/fukuoka/sc_fukuokashihakata/nc_21475943/,東比恵,地下鉄空港線,7,2005-04-01,21,21475943
ヒューマインド博多駅東ネクスタイル,5999,福岡県福岡市博多区東比恵３,地下鉄空港線「東比恵」徒歩5分,80.11,3LDK,2005年4月,https://suumo.jp//ms/chuko/fukuoka/sc_fukuokashihakata/nc_21381889/,東比恵,地下鉄空港線,5,2005-04-01,21,21381889
グリーンマンション薬院,5999,福岡県福岡市中央区薬院２,地下鉄七隈線「薬院大通」徒歩5分,88.26,3LDK,1986年8月,https://suumo.jp//ms/chuko/fukuoka/sc_fukuokashichuo/nc_21336648/,薬院大通,地下鉄七隈線,5,1986-08-01,40,21336648
シーサイドももちヴェルデコート5番館,5999,福岡県福岡市早良区百道浜３,地下鉄空港線「藤崎」徒歩12分,80.88,3LDK,1991年2月,https://suumo.jp//ms/chuko/fukuoka/sc_fukuokashisawara/nc_21311119/,藤崎,地下鉄空港線,12,1991-02-01,35,21311119
ペルル奈良屋,5999,福岡県福岡市博多区奈良屋町,地下鉄空港線「中洲川端」徒歩10分,79.96,3LDK,1999年8月,https://suumo.jp//ms/chuko/fukuoka/sc_fukuokashihakata/nc_21391802/,中洲川端,地下鉄空港線,10,1999-08-01,27,21391802
ヒューマインド博多駅東ネクスタイル,5999,福岡県福岡市博多区東比恵３,地下鉄空港線「東比恵」徒歩5分,80.11,3LDK,2005年4月,https://suumo.jp//ms/chuko/fukuoka/sc_fukuokashihakata/nc_21487754/,東比恵,地下鉄空港線,5,2005-04-01,21,21487754
ヒューマインド博多駅東ネクスタイル,5999,福岡県福岡市博多区東比恵３,地下鉄空港線「東比恵」徒歩5分,80.11,3LDK,2005年4月,https://suumo.jp//ms/chuko/fukuoka/sc_fukuokashihakata/nc_21137790/,東比恵,地下鉄空港線,5,2005-04-01,21,21137790
シーサイドももちヴェルデコート　5番館,5999,福岡県福岡市早良区百道浜３-3-5,地下鉄空港線「藤崎」徒歩12分,80.88,3LDK,1991年2月,https://suumo.jp//ms/chuko/fukuoka/sc_fukuokashisawara/nc_21155883/,藤崎,地下鉄空港線,12,1991-02-01,35,21155883
ヒューマインド博多駅東ネクスタイル,5999,福岡県福岡市博多区東比恵３,地下鉄空港線「東比恵」徒歩7分,80.11,3LDK,2005年4月,https://suumo.jp//ms/chuko/fukuoka/sc_fukuokashihakata/nc_21137414/,東比恵,地下鉄空港線,7,2005-04-01,21,21137414
ヒューマインド博多駅東ネクスタイル,5999,福岡県福岡市博多区東比恵３,地下鉄空港線「東比恵」徒歩5分,80.11,3LDK,2005年4月,https://suumo.jp//ms/chuko/fukuoka/sc_fukuokashihakata/nc_21117161/,東比恵,地下鉄空港線,5,2005-04-01,21,21117161
ダイアパレス大濠公園Ⅱ,5999,福岡県福岡市中央区荒戸２-2-32,地下鉄空港線「大濠公園」徒歩6分,70.92,3LDK,1996年3月,https://suumo.jp//ms/chuko/fukuoka/sc_fukuokashichuo/nc_21107656/,大濠公園,地下鉄空港線,6,1996-03-01,30,21107656
ロマネスク浄水通り第2,5999,福岡県福岡市中央区薬院４-21-15,地下鉄七隈線「薬院大通」徒歩6分,84.47,4LDK,1987年12月,https://suumo.jp//ms/chuko/fukuoka/sc_fukuokashichuo/nc_21413515/,薬院大通,地下鉄七隈線,6,1987-12-01,39,21413515
ヒューマインド博多駅東ネクスタイル,5999,福岡県福岡市博多区東比恵３-24-24,地下鉄空港線「東比恵」徒歩5分,80.11,3LDK,2005年4月,https://suumo.jp//ms/chuko/fukuoka/sc_fukuokashihakata/nc_21294192/,東比恵,地下鉄空港線,5,2005-04-01,21,21294192
ヒューマインド博多駅東ネクスタイル,5999,福岡県福岡市博多区東比恵３-24-24,地下鉄空港線「東比恵」徒歩6分,80.11,3LDK,2005年4月,https://suumo.jp//ms/chuko/fukuoka/sc_fukuokashihakata/nc_21241364/,東比恵,地下鉄空港線,6,2005-04-01,21,21241364
ペルル奈良屋,5999,福岡県福岡市博多区奈良屋町7-21,地下鉄空港線「中洲川端」徒歩11分,79.96,3LDK,1999年8月,https://suumo.jp//ms/chuko/fukuoka/sc_fukuokashihakata/nc_21445985/,中洲川端,地下鉄空港線,11,1999-08-01,27,21445985
インプレスト天神オークタワー,6080,福岡県福岡市中央区長浜２,地下鉄空港線「赤坂」徒歩9分,61.28,2LDK,2020年5月,https://suumo.jp//ms/chuko/fukuoka/sc_fukuokashichuo/nc_21464547/,赤坂,地下鉄空港線,9,2020-05-01,6,21464547
ネストピア渡辺通,6180,福岡県福岡市中央区清川１,地下鉄七隈線「渡辺通」徒歩6分,53.87,2LDK,2023年2月,https://suumo.jp//ms/chuko/fukuoka/sc_fukuokashichuo/nc_21464546/,渡辺通,地下鉄七隈線,6,2023-02-01,3,21464546
アダージュ薬院弐番館,6198,福岡県福岡市中央区薬院２,地下鉄七隈線「薬院大通」徒歩3分,65.11,2LDK,2003年3月,https://suumo.jp//ms/chuko/fukuoka/sc_fukuokashichuo/nc_21323946/,薬院大通,地下鉄七隈線,3,2003-03-01,23,21323946
シティライフ呉服町,6290,福岡県福岡市博多区下呉服町10-4,地下鉄空港線「中洲川端」徒歩14分,82.82,4LDK,2000年2月,https://suumo.jp//ms/chuko/fukuoka/sc_fukuokashihakata/nc_21520955/,中洲川端,地下鉄空港線,14,2000-02-01,26,21520955
グランディア百道浜通り,6380,福岡県福岡市早良区西新２-23-12,地下鉄空港線「西新」徒歩9分,68.66,3LDK,2006年4月,https://suumo.jp//ms/chuko/fukuoka/sc_fukuokashisawara/nc_21516422/,西新,地下鉄空港線,9,2006-04-01,20,21516422
グランディア百道浜通り,6380,福岡県福岡市早良区西新２,地下鉄空港線「西新」徒歩9分,68.66,3LDK,2006年4月,https://suumo.jp//ms/chuko/fukuoka/sc_fukuokashisawara/nc_21107580/,西新,地下鉄空港線,9,2006-04-01,20,21107580
グランディア百道浜通り,6380,福岡県福岡市早良区西新２,地下鉄空港線「西新」徒歩9分,68.66,3LDK,2006年4月,https://suumo.jp//ms/chuko/fukuoka/sc_fukuokashisawara/nc_21467015/,西新,地下鉄空港線,9,2006-04-01,20,21467015
コモダスパッソ天神,6390,福岡県福岡市中央区渡辺通５-6-18,地下鉄七隈線「天神南」徒歩4分,64.15,2LDK,2000年10月,https://suumo.jp//ms/chuko/fukuoka/sc_fukuokashichuo/nc_21274206/,天神南,地下鉄七隈線,4,2000-10-01,26,21274206
コモダスパッソ天神,6390,福岡県福岡市中央区渡辺通５-6-18,地下鉄七隈線「天神南」徒歩4分,64.15,3LDK,2000年10月,https://suumo.jp//ms/chuko/fukuoka/sc_fukuokashichuo/nc_21274553/,天神南,地下鉄七隈線,4,2000-10-01,26,21274553
ジョイナス地行浜東　内装リフォーム,6490,福岡県福岡市中央区伊崎17-11,地下鉄空港線「唐人町」徒歩12分,85.47,4LDK,2006年3月,https://suumo.jp//ms/chuko/fukuoka/sc_fukuokashichuo/nc_20588156/,唐人町,地下鉄空港線,12,2006-03-01,20,20588156
シーサイドももちヴェルデコート６番館,6498,福岡県福岡市早良区百道浜３,地下鉄空港線「藤崎」徒歩10分,94.47,3LDK,1991年7月,https://suumo.jp//ms/chuko/fukuoka/sc_fukuokashisawara/nc_20970626/,藤崎,地下鉄空港線,10,1991-07-01,35,20970626
アメックス大濠,6580,福岡県福岡市中央区今川２,地下鉄空港線「西新」徒歩9分,79.73,3LDK,2004年3月,https://suumo.jp//ms/chuko/fukuoka/sc_fukuokashichuo/nc_21376978/,西新,地下鉄空港線,9,2004-03-01,22,21376978
トーカンマンション天神南,6580,福岡県福岡市中央区今泉１,西鉄天神大牟田線「薬院」徒歩6分,75.33,3LDK,1996年1月,https://suumo.jp//ms/chuko/fukuoka/sc_fukuokashichuo/nc_21435349/,薬院,西鉄天神大牟田線,6,1996-01-01,30,21435349
グランドメゾン平尾,6690,福岡県福岡市中央区平尾２-11-11,西鉄天神大牟田線「薬院」徒歩11分,75.34,3LDK,1998年5月,https://suumo.jp//ms/chuko/fukuoka/sc_fukuokashichuo/nc_21409503/,薬院,西鉄天神大牟田線,11,1998-05-01,28,21409503
エステートマンション大濠グランディール,6699,福岡県福岡市中央区今川２-7-52,地下鉄空港線「西新」徒歩12分,85.23,3LDK,1991年3月,https://suumo.jp//ms/chuko/fukuoka/sc_fukuokashichuo/nc_21150902/,西新,地下鉄空港線,12,1991-03-01,35,21150902
ライオンズ大濠公園グランゲイト,6780,福岡県福岡市中央区大手門２,地下鉄空港線「大濠公園」徒歩7分,67.03,3LDK,2015年2月,https://suumo.jp//ms/chuko/fukuoka/sc_fukuokashichuo/nc_20572204/,大濠公園,地下鉄空港線,7,2015-02-01,11,20572204
グランドメゾン福岡The Central Luxe,6780,福岡県福岡市中央区渡辺通２-7-11,西鉄天神大牟田線「薬院」徒歩2分,44.25,1LDK,2025年6月,https://suumo.jp//ms/chuko/fukuoka/sc_fukuokashichuo/nc_20024543/,薬院,西鉄天神大牟田線,2,2025-06-01,1,20024543
クレアセンターマーク,6799,福岡県福岡市中央区今泉２-4-48,地下鉄七隈線「薬院大通」徒歩11分,80.25,3LDK,2000年10月,https://suumo.jp//ms/chuko/fukuoka/sc_fukuokashichuo/nc_21058292/,薬院大通,地下鉄七隈線,11,2000-10-01,26,21058292
ライオンズガーデンシティ鳥飼２番館,6980,福岡県福岡市城南区鳥飼４,地下鉄空港線「西新」徒歩15分,94.25,4LDK,1998年3月,https://suumo.jp//ms/chuko/fukuoka/sc_fukuokashijonan/nc_21456618/,西新,地下鉄空港線,15,1998-03-01,28,21456618
コスモ六本松シティフォルム,7199,福岡県福岡市中央区草香江２,地下鉄七隈線「六本松」徒歩4分,70.58,3LDK,2000年2月,https://suumo.jp//ms/chuko/fukuoka/sc_fukuokashichuo/nc_21190414/,六本松,地下鉄七隈線,4,2000-02-01,26,21190414
コスモ六本松シティフォルム,7199,福岡県福岡市中央区草香江２,地下鉄七隈線「六本松」徒歩5分,70.58,3LDK,2000年2月,https://suumo.jp//ms/chuko/fukuoka/sc_fukuokashichuo/nc_20597892/,六本松,地下鉄七隈線,5,2000-02-01,26,20597892
コスモ六本松シティフォルム,7199,福岡県福岡市中央区草香江２-1-13,地下鉄七隈線「六本松」徒歩4分,70.58,3LDK,2000年2月,https://suumo.jp//ms/chuko/fukuoka/sc_fukuokashichuo/nc_21539155/,六本松,地下鉄七隈線,4,2000-02-01,26,21539155
アクロス天神Vタワー,7199,福岡県福岡市中央区舞鶴１-3-47,地下鉄空港線「赤坂」徒歩8分,61.45,2LDK,2005年3月,https://suumo.jp//ms/chuko/fukuoka/sc_fukuokashichuo/nc_21283884/,赤坂,地下鉄空港線,8,2005-03-01,21,21283884
クリスタージュ壱番館,7199,福岡県福岡市早良区百道浜４-2-1,地下鉄空港線「藤崎」徒歩11分,95.53,3LDK,1992年5月,https://suumo.jp//ms/chuko/fukuoka/sc_fukuokashisawara/nc_21238324/,藤崎,地下鉄空港線,11,1992-05-01,34,21238324
アンピール西新,7200,福岡県福岡市早良区城西３,地下鉄空港線「西新」徒歩10分,93.58,4LDK,2004年5月,https://suumo.jp//ms/chuko/fukuoka/sc_fukuokashisawara/nc_21167401/,西新,地下鉄空港線,10,2004-05-01,22,21167401
グリーンマンション平尾,7999,福岡県福岡市中央区平尾２-8-13,地下鉄七隈線「薬院」徒歩15分,85.9,3LDK+S（納戸）,1996年4月,https://suumo.jp//ms/chuko/fukuoka/sc_fukuokashichuo/nc_21539167/,薬院,地下鉄七隈線,15,1996-04-01,30,21539167
サングレート平尾山荘,8000,福岡県福岡市中央区平尾５,地下鉄七隈線「薬院大通」徒歩15分,83.36,2LDK,2018年8月,https://suumo.jp//ms/chuko/fukuoka/sc_fukuokashichuo/nc_76993707/,薬院大通,地下鉄七隈線,15,2018-08-01,8,76993707
コアマンション百道プレジオ,8100,福岡県福岡市早良区百道１,地下鉄空港線「藤崎」徒歩10分,92.92,3LDK+S（納戸）,2006年2月,https://suumo.jp//ms/chuko/fukuoka/sc_fukuokashisawara/nc_21053033/,藤崎,地下鉄空港線,10,2006-02-01,20,21053033
百道タワー,8200,福岡県福岡市早良区百道浜１,地下鉄空港線「西新」徒歩9分,88.62,2LDK,2004年2月,https://suumo.jp//ms/chuko/fukuoka/sc_fukuokashisawara/nc_20891032/,西新,地下鉄空港線,9,2004-02-01,22,20891032
グランドステイツ大濠公園南,8280,福岡県福岡市中央区六本松３,地下鉄七隈線「六本松」徒歩3分,80.69,3LDK,2004年6月,https://suumo.jp//ms/chuko/fukuoka/sc_fukuokashichuo/nc_77539723/,六本松,地下鉄七隈線,3,2004-06-01,22,77539723
日商岩井レジオン薬院,8490,福岡県福岡市中央区薬院２,地下鉄七隈線「薬院大通」徒歩5分,81.22,4LDK,1999年3月,https://suumo.jp//ms/chuko/fukuoka/sc_fukuokashichuo/nc_21110395/,薬院大通,地下鉄七隈線,5,1999-03-01,27,21110395
ダイアパレス赤坂,8499,福岡県福岡市中央区赤坂２-1-33,地下鉄空港線「赤坂」徒歩10分,88.58,4LDK,2001年9月,https://suumo.jp//ms/chuko/fukuoka/sc_fukuokashichuo/nc_21135593/,赤坂,地下鉄空港線,10,2001-09-01,25,21135593
ネクサス薬院二丁目,8599,福岡県福岡市中央区薬院２,地下鉄七隈線「薬院大通」徒歩3分,73.0,3LDK,2016年2月,https://suumo.jp//ms/chuko/fukuoka/sc_fukuokashichuo/nc_21403407/,薬院大通,地下鉄七隈線,3,2016-02-01,10,21403407
百道タワー,9200,福岡県福岡市早良区百道浜１,地下鉄空港線「西新」徒歩9分,88.62,2LDK,2004年2月,https://suumo.jp//ms/chuko/fukuoka/sc_fukuokashisawara/nc_21224471/,西新,地下鉄空港線,9,2004-02-01,22,21224471
アルテマインド浄水平丘,10800,福岡県福岡市中央区平丘町,地下鉄七隈線「薬院大通」徒歩9分,94.63,3LDK,2010年5月,https://suumo.jp//ms/chuko/fukuoka/sc_fukuokashichuo/nc_21022638/,薬院大通,地下鉄七隈線,9,2010-05-01,16,21022638
グランドメゾン浄水ガーデンシティサウスフォレスト,11750,福岡県福岡市中央区薬院４,地下鉄七隈線「薬院大通」徒歩7分,82.49,2LDK,2015年7月,https://suumo.jp//ms/chuko/fukuoka/sc_fukuokashichuo/nc_21238190/,薬院大通,地下鉄七隈線,7,2015-07-01,11,21238190
MJR赤坂タワー,12500,福岡県福岡市中央区赤坂１,地下鉄空港線「赤坂」徒歩1分,64.8,2LDK,2017年10月,https://suumo.jp//ms/chuko/fukuoka/sc_fukuokashichuo/nc_79200862/,赤坂,地下鉄空港線,1,2017-10-01,9,79200862
ネクサス薬院,12880,福岡県福岡市中央区薬院１,地下鉄七隈線「薬院大通」徒歩3分,94.52,3LDK,2015年6月,https://suumo.jp//ms/chuko/fukuoka/sc_fukuokashichuo/nc_21166288/,薬院大通,地下鉄七隈線,3,2015-06-01,11,21166288
グランドメゾン薬院レジデンス,20000,福岡県福岡市中央区薬院２,地下鉄七隈線「薬院大通」徒歩5分,105.5,4LDK,2017年7月,https://suumo.jp//ms/chuko/fukuoka/sc_fukuokashichuo/nc_21174631/,薬院大通,地下鉄七隈線,5,2017-07-01,9,21174631
グランドメゾン赤坂LUXE,23500,福岡県福岡市中央区赤坂２,地下鉄空港線「赤坂」徒歩8分,142.11,3LDK,2016年9月,https://suumo.jp//ms/chuko/fukuoka/sc_fukuokashichuo/nc_20673715/,赤坂,地下鉄空港線,8,2016-09-01,10,20673715
ＣＬＵＢ　ＴＨＥ．薬院ステーションタワー,46000,福岡県福岡市中央区白金１,地下鉄七隈線「薬院」徒歩2分,138.16,2LDK+S（納戸）,2020年4月,https://suumo.jp//ms/chuko/fukuoka/sc_fukuokashichuo/nc_21015987/,薬院,地下鉄七隈線,2,2020-04-01,6,21015987
プチメゾン薬院,480,福岡県福岡市中央区白金１-13-11,西鉄天神大牟田線「薬院」徒歩7分,15.0,ワンルーム,1984年9月,https://suumo.jp//ms/chuko/fukuoka/sc_fukuokashichuo/nc_20708382/,薬院,西鉄天神大牟田線,7,1984-09-01,42,20708382
第７プリンスマンション,590,福岡県福岡市中央区高砂１-15-23,地下鉄七隈線「渡辺通」徒歩9分,25.2,1DK,1987年12月,https://suumo.jp//ms/chuko/fukuoka/sc_fukuokashichuo/nc_20979544/,渡辺通,地下鉄七隈線,9,1987-12-01,39,20979544
エスポワール大濠公園,650,福岡県福岡市中央区黒門6-4,地下鉄空港線「唐人町」徒歩2分,16.54,ワンルーム,1987年5月,https://suumo.jp//ms/chuko/fukuoka/sc_fukuokashichuo/nc_21352289/,唐人町,地下鉄空港線,2,1987-05-01,39,21352289
スカイ・クリエート天神南,690,福岡県福岡市中央区春吉２,地下鉄七隈線「渡辺通」徒歩7分,19.71,ワンルーム,1991年3月,https://suumo.jp//ms/chuko/fukuoka/sc_fukuokashichuo/nc_20665914/,渡辺通,地下鉄七隈線,7,1991-03-01,35,20665914
スカイ・クリエート天神南,730,福岡県福岡市中央区春吉２-19-17,地下鉄七隈線「渡辺通」徒歩7分,19.71,ワンルーム,1991年3月,https://suumo.jp//ms/chuko/fukuoka/sc_fukuokashichuo/nc_79200824/,渡辺通,地下鉄七隈線,7,1991-03-01,35,79200824
ロマネスク西新第2,750,福岡県福岡市早良区城西３,地下鉄空港線「西新」徒歩9分,20.44,ワンルーム,1989年10月,https://suumo.jp//ms/chuko/fukuoka/sc_fukuokashisawara/nc_21143463/,西新,地下鉄空港線,9,1989-10-01,37,21143463
ライオンズステーションプラザ博多,790,福岡県福岡市博多区博多駅前４-14-20,ＪＲ鹿児島本線「博多」徒歩5分,22.0,ワンルーム,1984年2月,https://suumo.jp//ms/chuko/fukuoka/sc_fukuokashihakata/nc_21442810/,博多,ＪＲ鹿児島本線,5,1984-02-01,42,21442810
エトワール博多,870,福岡県福岡市博多区博多駅前１,地下鉄空港線「博多」徒歩5分,27.72,ワンルーム,1977年4月,https://suumo.jp//ms/chuko/fukuoka/sc_fukuokashihakata/nc_20069809/,博多,地下鉄空港線,5,1977-04-01,49,20069809
朝日プラザ博多Ｖターミナルスクエア,950,福岡県福岡市博多区堅粕４,ＪＲ鹿児島本線「博多」徒歩10分,16.8,ワンルーム,1991年2月,https://suumo.jp//ms/chuko/fukuoka/sc_fukuokashihakata/nc_21391671/,博多,ＪＲ鹿児島本線,10,1991-02-01,35,21391671
◆☆チサンマンション天神Ⅲ☆◆事務所可能,999,福岡県福岡市中央区大名２,地下鉄空港線「赤坂」徒歩3分,16.37,ワンルーム,1980年1月,https://suumo.jp//ms/chuko/fukuoka/sc_fukuokashichuo/nc_21270657/,赤坂,地下鉄空港線,3,1980-01-01,46,21270657
西公園下住宅　3階,1280,福岡県福岡市中央区福浜２,地下鉄空港線「唐人町」徒歩13分,63.22,3LDK,1971年11月,https://suumo.jp//ms/chuko/fukuoka/sc_fukuokashichuo/nc_21265957/,唐人町,地下鉄空港線,13,1971-11-01,55,21265957
エステート・モア・薬院倶楽部,1280,福岡県福岡市中央区薬院２,地下鉄七隈線「薬院大通」徒歩5分,24.93,1K,2000年7月,https://suumo.jp//ms/chuko/fukuoka/sc_fukuokashichuo/nc_21307794/,薬院大通,地下鉄七隈線,5,2000-07-01,26,21307794
グリーンハイツ輝国,1280,福岡県福岡市中央区輝国２,地下鉄七隈線「六本松」徒歩14分,62.04,2DK,1980年5月,https://suumo.jp//ms/chuko/fukuoka/sc_fukuokashichuo/nc_21208962/,六本松,地下鉄七隈線,14,1980-05-01,46,21208962
東峰マンション博多駅東,1280,福岡県福岡市博多区比恵町7-27,地下鉄空港線「東比恵」徒歩8分,23.17,1K,1985年4月,https://suumo.jp//ms/chuko/fukuoka/sc_fukuokashihakata/nc_20770211/,東比恵,地下鉄空港線,8,1985-04-01,41,20770211
輝国住宅1号棟,1280,福岡県福岡市中央区輝国２,地下鉄七隈線「六本松」徒歩13分,65.68,3LDK,1974年3月,https://suumo.jp//ms/chuko/fukuoka/sc_fukuokashichuo/nc_20845382/,六本松,地下鉄七隈線,13,1974-03-01,52,20845382
◆☆グランバッソ博多☆◆,1290,福岡県福岡市博多区博多駅南２,地下鉄空港線「東比恵」徒歩10分,24.94,ワンルーム,2004年3月,https://suumo.jp//ms/chuko/fukuoka/sc_fukuokashihakata/nc_21434589/,東比恵,地下鉄空港線,10,2004-03-01,22,21434589
天神スカイマンション,1300,福岡県福岡市中央区長浜１,地下鉄空港線「天神」徒歩9分,30.26,1LDK,1981年2月,https://suumo.jp//ms/chuko/fukuoka/sc_fukuokashichuo/nc_21435364/,天神,地下鉄空港線,9,1981-02-01,45,21435364
日商岩井弥生マンション,1390,福岡県福岡市早良区原１,地下鉄空港線「藤崎」徒歩12分,87.49,4LDK,1979年4月,https://suumo.jp//ms/chuko/fukuoka/sc_fukuokashisawara/nc_21460353/,藤崎,地下鉄空港線,12,1979-04-01,47,21460353
日商岩井弥生マンション,1390,福岡県福岡市早良区原１,地下鉄空港線「藤崎」徒歩14分,87.49,4LDK,1979年4月,https://suumo.jp//ms/chuko/fukuoka/sc_fukuokashisawara/nc_21511929/,藤崎,地下鉄空港線,14,1979-04-01,47,21511929
じゅうグランドモア渡辺通南,1400,福岡県福岡市中央区高砂２,地下鉄七隈線「渡辺通」徒歩10分,35.19,1DK,1990年9月,https://suumo.jp//ms/chuko/fukuoka/sc_fukuokashichuo/nc_21478020/,渡辺通,地下鉄七隈線,10,1990-09-01,36,21478020
第二プリンスビル,1450,福岡県福岡市中央区大名２-９－２９,地下鉄空港線「赤坂」徒歩7分,24.77,ワンルーム,1974年11月,https://suumo.jp//ms/chuko/fukuoka/sc_fukuokashichuo/nc_21426917/,赤坂,地下鉄空港線,7,1974-11-01,52,21426917
ライオンズマンション六本松第２,1480,福岡県福岡市中央区六本松３,地下鉄七隈線「桜坂」徒歩6分,44.96,2DK,1988年9月,https://suumo.jp//ms/chuko/fukuoka/sc_fukuokashichuo/nc_21188030/,桜坂,地下鉄七隈線,6,1988-09-01,38,21188030
マンションアベニュー,1480,福岡県福岡市早良区西新５,地下鉄空港線「西新」徒歩3分,49.24,2LDK,1974年3月,https://suumo.jp//ms/chuko/fukuoka/sc_fukuokashisawara/nc_21517744/,西新,地下鉄空港線,3,1974-03-01,52,21517744
西公園下住宅2号棟2階,1490,福岡県福岡市中央区福浜２-５－２,地下鉄空港線「唐人町」徒歩11分,63.22,3LDK,1972年6月,https://suumo.jp//ms/chuko/fukuoka/sc_fukuokashichuo/nc_21444701/,唐人町,地下鉄空港線,11,1972-06-01,54,21444701
ドミール鳥飼,1500,福岡県福岡市中央区鳥飼３,地下鉄空港線「西新」徒歩7分,54.96,1LDK,1974年7月,https://suumo.jp//ms/chuko/fukuoka/sc_fukuokashichuo/nc_21193526/,西新,地下鉄空港線,7,1974-07-01,52,21193526
サニークレスト荒江,1580,福岡県福岡市城南区荒江１,地下鉄七隈線「別府」徒歩14分,81.47,3LDK,1982年7月,https://suumo.jp//ms/chuko/fukuoka/sc_fukuokashijonan/nc_21013233/,別府,地下鉄七隈線,14,1982-07-01,44,21013233
ゾンネンハイム大手門,1599,福岡県福岡市中央区大手門２-5-10,地下鉄空港線「大濠公園」徒歩7分,33.0,1K,1973年8月,https://suumo.jp//ms/chuko/fukuoka/sc_fukuokashichuo/nc_21488188/,大濠公園,地下鉄空港線,7,1973-08-01,53,21488188
ゾンネンハイム大手門,1599,福岡県福岡市中央区大手門２-5-10,地下鉄空港線「大濠公園」徒歩8分,33.0,1K,1973年8月,https://suumo.jp//ms/chuko/fukuoka/sc_fukuokashichuo/nc_21379168/,大濠公園,地下鉄空港線,8,1973-08-01,53,21379168
ゾンネンハイム大手門,1599,福岡県福岡市中央区大手門２-5-10,地下鉄空港線「大濠公園」徒歩7分,33.0,1K,1973年8月,https://suumo.jp//ms/chuko/fukuoka/sc_fukuokashichuo/nc_21449159/,大濠公園,地下鉄空港線,7,1973-08-01,53,21449159
ゾンネンハイム大手門203号,1599,福岡県福岡市中央区大手門２,地下鉄空港線「大濠公園」徒歩7分,33.0,1K,1973年8月,https://suumo.jp//ms/chuko/fukuoka/sc_fukuokashichuo/nc_21448315/,大濠公園,地下鉄空港線,7,1973-08-01,53,21448315
ゾンネンハイム大手門,1599,福岡県福岡市中央区大手門２,地下鉄空港線「大濠公園」徒歩8分,33.0,1K,1973年8月,https://suumo.jp//ms/chuko/fukuoka/sc_fukuokashichuo/nc_21467105/,大濠公園,地下鉄空港線,8,1973-08-01,53,21467105
マンション鳥飼204,1600,福岡県福岡市中央区鳥飼１-3-19,地下鉄七隈線「六本松」徒歩12分,49.8,1LDK,1973年12月,https://suumo.jp//ms/chuko/fukuoka/sc_fukuokashichuo/nc_21448109/,六本松,地下鉄七隈線,12,1973-12-01,53,21448109
第二プリンスビル,1620,福岡県福岡市中央区大名２-９－２９,地下鉄空港線「赤坂」徒歩7分,28.94,ワンルーム,1974年11月,https://suumo.jp//ms/chuko/fukuoka/sc_fukuokashichuo/nc_21426890/,赤坂,地下鉄空港線,7,1974-11-01,52,21426890
ステイツ天神東,1680,福岡県福岡市博多区奈良屋町,地下鉄空港線「中洲川端」徒歩9分,33.12,1DK,1990年3月,https://suumo.jp//ms/chuko/fukuoka/sc_fukuokashihakata/nc_21544759/,中洲川端,地下鉄空港線,9,1990-03-01,36,21544759
グレイス祇園,1680,福岡県福岡市博多区御供所町,地下鉄空港線「祇園」徒歩4分,45.6,2DK,1979年11月,https://suumo.jp//ms/chuko/fukuoka/sc_fukuokashihakata/nc_21314819/,祇園,地下鉄空港線,4,1979-11-01,47,21314819
第2住吉ハイツ,1680,福岡県福岡市博多区住吉３,地下鉄七隈線「渡辺通」徒歩10分,55.55,1LDK,1979年10月,https://suumo.jp//ms/chuko/fukuoka/sc_fukuokashihakata/nc_20367370/,渡辺通,地下鉄七隈線,10,1979-10-01,47,20367370
ハイツ城西,1680,福岡県福岡市早良区城西１,地下鉄空港線「西新」徒歩5分,48.51,1LDK,1974年6月,https://suumo.jp//ms/chuko/fukuoka/sc_fukuokashisawara/nc_20601172/,西新,地下鉄空港線,5,1974-06-01,52,20601172
ステイツ天神東,1680,福岡県福岡市博多区奈良屋町,地下鉄空港線「中洲川端」徒歩9分,28.72,1DK,1990年3月,https://suumo.jp//ms/chuko/fukuoka/sc_fukuokashihakata/nc_21355197/,中洲川端,地下鉄空港線,9,1990-03-01,36,21355197
サニークレスト荒江,1690,福岡県福岡市城南区荒江１,地下鉄七隈線「別府」徒歩14分,81.47,4LDK,1982年7月,https://suumo.jp//ms/chuko/fukuoka/sc_fukuokashijonan/nc_78393758/,別府,地下鉄七隈線,14,1982-07-01,44,78393758
グリーンハイツ輝国,1750,福岡県福岡市中央区輝国２,地下鉄七隈線「六本松」徒歩14分,76.3,3LDK,1980年5月,https://suumo.jp//ms/chuko/fukuoka/sc_fukuokashichuo/nc_21237014/,六本松,地下鉄七隈線,14,1980-05-01,46,21237014
マンションアベニュー,1780,福岡県福岡市早良区西新５,地下鉄空港線「西新」徒歩3分,53.91,2LDK,1974年8月,https://suumo.jp//ms/chuko/fukuoka/sc_fukuokashisawara/nc_20586973/,西新,地下鉄空港線,3,1974-08-01,52,20586973
西新中央マンション,1780,福岡県福岡市早良区西新７-1番7号,地下鉄空港線「藤崎」徒歩5分,44.79,1LDK,1983年3月,https://suumo.jp//ms/chuko/fukuoka/sc_fukuokashisawara/nc_21490892/,藤崎,地下鉄空港線,5,1983-03-01,43,21490892
西新中央マンション,1780,福岡県福岡市早良区西新７,地下鉄空港線「藤崎」徒歩7分,44.79,1LDK,1983年3月,https://suumo.jp//ms/chuko/fukuoka/sc_fukuokashisawara/nc_21357254/,藤崎,地下鉄空港線,7,1983-03-01,43,21357254
ロワールマンション西公園I,1780,福岡県福岡市中央区港３,地下鉄空港線「大濠公園」徒歩13分,55.04,3DK,1983年7月,https://suumo.jp//ms/chuko/fukuoka/sc_fukuokashichuo/nc_21314556/,大濠公園,地下鉄空港線,13,1983-07-01,43,21314556
シャンボール警固,1800,福岡県福岡市中央区警固２-２－１１,地下鉄七隈線「薬院大通」徒歩8分,34.56,1DK,1982年5月,https://suumo.jp//ms/chuko/fukuoka/sc_fukuokashichuo/nc_21434452/,薬院大通,地下鉄七隈線,8,1982-05-01,44,21434452
コープ野村平尾山荘,1800,福岡県福岡市中央区山荘通３,地下鉄七隈線「薬院大通」徒歩13分,73.65,3LDK,1978年7月,https://suumo.jp//ms/chuko/fukuoka/sc_fukuokashichuo/nc_21221612/,薬院大通,地下鉄七隈線,13,1978-07-01,48,21221612
コープ野村平尾山荘,1800,福岡県福岡市中央区山荘通３,地下鉄七隈線「薬院大通」徒歩13分,73.65,3LDK,1978年7月,https://suumo.jp//ms/chuko/fukuoka/sc_fukuokashichuo/nc_21265223/,薬院大通,地下鉄七隈線,13,1978-07-01,48,21265223
エバーライフ大濠公園駅前,1850,福岡県福岡市中央区荒戸１-1-8,地下鉄空港線「大濠公園」徒歩1分,38.67,1DK,1983年1月,https://suumo.jp//ms/chuko/fukuoka/sc_fukuokashichuo/nc_21443051/,大濠公園,地下鉄空港線,1,1983-01-01,43,21443051
ダイアパレス西新,1850,福岡県福岡市早良区祖原,地下鉄空港線「西新」徒歩9分,40.77,1LDK,1984年2月,https://suumo.jp//ms/chuko/fukuoka/sc_fukuokashisawara/nc_20696773/,西新,地下鉄空港線,9,1984-02-01,42,20696773
サヴォイ　ザ・セントラルガーデン,1850,福岡県福岡市博多区住吉３,地下鉄七隈線「渡辺通」徒歩10分,24.63,1K,2007年2月,https://suumo.jp//ms/chuko/fukuoka/sc_fukuokashihakata/nc_21174285/,渡辺通,地下鉄七隈線,10,2007-02-01,19,21174285
KBCマンションユーハイム室見,1980,福岡県福岡市早良区室見５,地下鉄空港線「藤崎」徒歩14分,48.41,2DK,1985年3月,https://suumo.jp//ms/chuko/fukuoka/sc_fukuokashisawara/nc_21316536/,藤崎,地下鉄空港線,14,1985-03-01,41,21316536
皐月マンション奈良屋,1980,福岡県福岡市博多区奈良屋町,地下鉄空港線「中洲川端」徒歩10分,53.28,2LDK,1980年7月,https://suumo.jp//ms/chuko/fukuoka/sc_fukuokashihakata/nc_21387925/,中洲川端,地下鉄空港線,10,1980-07-01,46,21387925
ライオンズマンションマキシム浄水通り,1980,福岡県福岡市中央区薬院４-18-15,地下鉄七隈線「薬院大通」徒歩3分,36.55,ワンルーム,1981年3月,https://suumo.jp//ms/chuko/fukuoka/sc_fukuokashichuo/nc_78092052/,薬院大通,地下鉄七隈線,3,1981-03-01,45,78092052
ライオンズマンション南薬院,1980,福岡県福岡市中央区薬院３,西鉄天神大牟田線「薬院」徒歩5分,47.79,1LDK,1983年1月,https://suumo.jp//ms/chuko/fukuoka/sc_fukuokashichuo/nc_20354638/,薬院,西鉄天神大牟田線,5,1983-01-01,43,20354638
朝日プラザ天神,1999,福岡県福岡市中央区舞鶴１-9-3,地下鉄空港線「天神」徒歩7分,31.32,ワンルーム,1986年5月,https://suumo.jp//ms/chuko/fukuoka/sc_fukuokashichuo/nc_21406206/,天神,地下鉄空港線,7,1986-05-01,40,21406206
皐月マンション博多 311,1999,福岡県福岡市博多区博多駅前３-7-3,ＪＲ鹿児島本線「博多」徒歩6分,34.65,1DK,1979年2月,https://suumo.jp//ms/chuko/fukuoka/sc_fukuokashihakata/nc_21438137/,博多,ＪＲ鹿児島本線,6,1979-02-01,47,21438137
ネオハイツ大濠第2,2000,福岡県福岡市中央区鳥飼１,地下鉄七隈線「六本松」徒歩14分,74.2,2LDK,1982年2月,https://suumo.jp//ms/chuko/fukuoka/sc_fukuokashichuo/nc_21487445/,六本松,地下鉄七隈線,14,1982-02-01,44,21487445
103大稲マンション,2080,福岡県福岡市中央区薬院２-4-5,地下鉄七隈線「薬院大通」徒歩1分,55.68,2LDK,1975年4月,https://suumo.jp//ms/chuko/fukuoka/sc_fukuokashichuo/nc_20052456/,薬院大通,地下鉄七隈線,1,1975-04-01,51,20052456
103大稲マンション,2080,福岡県福岡市中央区薬院２-4-5,地下鉄七隈線「薬院大通」徒歩1分,55.62,2LDK,1975年4月,https://suumo.jp//ms/chuko/fukuoka/sc_fukuokashichuo/nc_20045528/,薬院大通,地下鉄七隈線,1,1975-04-01,51,20045528
エクセレンス谷,2080,福岡県福岡市中央区谷１,地下鉄七隈線「六本松」徒歩6分,66.68,3LDK,1979年8月,https://suumo.jp//ms/chuko/fukuoka/sc_fukuokashichuo/nc_21174313/,六本松,地下鉄七隈線,6,1979-08-01,47,21174313
シャンボール桜坂,2090,福岡県福岡市中央区古小烏町81,地下鉄七隈線「桜坂」徒歩7分,51.93,2LDK,1974年2月,https://suumo.jp//ms/chuko/fukuoka/sc_fukuokashichuo/nc_20755833/,桜坂,地下鉄七隈線,7,1974-02-01,52,20755833
ダイナコート赤坂南,2100,福岡県福岡市中央区桜坂２-5-43,地下鉄七隈線「桜坂」徒歩5分,63.3,3LDK,1988年7月,https://suumo.jp//ms/chuko/fukuoka/sc_fukuokashichuo/nc_78138910/,桜坂,地下鉄七隈線,5,1988-07-01,38,78138910
シャンボール桜坂,2115,福岡県福岡市中央区古小烏町81,地下鉄七隈線「桜坂」徒歩6分,51.93,2LDK,1974年2月,https://suumo.jp//ms/chuko/fukuoka/sc_fukuokashichuo/nc_21450314/,桜坂,地下鉄七隈線,6,1974-02-01,52,21450314
ライオンズマンション六本松第2,2150,福岡県福岡市中央区六本松３,地下鉄七隈線「六本松」徒歩7分,40.74,2DK,1988年9月,https://suumo.jp//ms/chuko/fukuoka/sc_fukuokashichuo/nc_20532937/,六本松,地下鉄七隈線,7,1988-09-01,38,20532937
ハイツ21,2180,福岡県福岡市早良区城西１,地下鉄空港線「西新」徒歩6分,61.83,2LDK,1977年3月,https://suumo.jp//ms/chuko/fukuoka/sc_fukuokashisawara/nc_78708894/,西新,地下鉄空港線,6,1977-03-01,49,78708894
スワローハイツ山荘通,2180,福岡県福岡市中央区平尾４,地下鉄七隈線「薬院大通」徒歩14分,79.27,3LDK,1986年3月,https://suumo.jp//ms/chuko/fukuoka/sc_fukuokashichuo/nc_71893185/,薬院大通,地下鉄七隈線,14,1986-03-01,40,71893185
西新ビル,2180,福岡県福岡市早良区高取１,地下鉄空港線「西新」徒歩5分,60.8,2LDK,1972年7月,https://suumo.jp//ms/chuko/fukuoka/sc_fukuokashisawara/nc_20255236/,西新,地下鉄空港線,5,1972-07-01,54,20255236
西新ビル　中古マンション,2180,福岡県福岡市早良区高取１,地下鉄空港線「藤崎」徒歩6分,60.8,2LDK,1972年7月,https://suumo.jp//ms/chuko/fukuoka/sc_fukuokashisawara/nc_20596775/,藤崎,地下鉄空港線,6,1972-07-01,54,20596775
西新ビル,2180,福岡県福岡市早良区高取１-1 53,地下鉄空港線「藤崎」徒歩6分,60.8,2LDK,1972年7月,https://suumo.jp//ms/chuko/fukuoka/sc_fukuokashisawara/nc_21364670/,藤崎,地下鉄空港線,6,1972-07-01,54,21364670
ライオンズマンション昭代,2198,福岡県福岡市早良区昭代１-2-15,地下鉄空港線「西新」徒歩15分,58.8,2LDK,1981年3月,https://suumo.jp//ms/chuko/fukuoka/sc_fukuokashisawara/nc_21305141/,西新,地下鉄空港線,15,1981-03-01,45,21305141
ライオンズマンション昭代,2198,福岡県福岡市早良区昭代１,地下鉄空港線「西新」徒歩15分,54.91,2LDK,1981年3月,https://suumo.jp//ms/chuko/fukuoka/sc_fukuokashisawara/nc_20536120/,西新,地下鉄空港線,15,1981-03-01,45,20536120
ライオンズマンション昭代,2198,福岡県福岡市早良区昭代１-2,地下鉄空港線「西新」徒歩13分,58.8,2LDK,1981年3月,https://suumo.jp//ms/chuko/fukuoka/sc_fukuokashisawara/nc_21463468/,西新,地下鉄空港線,13,1981-03-01,45,21463468
ライオンズマンション昭代,2198,福岡県福岡市早良区昭代１-2-15,地下鉄空港線「西新」徒歩14分,58.8,2LDK,1981年3月,https://suumo.jp//ms/chuko/fukuoka/sc_fukuokashisawara/nc_21309799/,西新,地下鉄空港線,14,1981-03-01,45,21309799
ライオンズマンション昭代,2198,福岡県福岡市早良区昭代１,地下鉄空港線「西新」徒歩14分,58.8,2LDK,1981年3月,https://suumo.jp//ms/chuko/fukuoka/sc_fukuokashisawara/nc_21421456/,西新,地下鉄空港線,14,1981-03-01,45,21421456
ライオンズマンション昭代,2198,福岡県福岡市早良区昭代１-2-15,地下鉄空港線「西新」徒歩13分,58.8,2LDK,1981年3月,https://suumo.jp//ms/chuko/fukuoka/sc_fukuokashisawara/nc_21385330/,西新,地下鉄空港線,13,1981-03-01,45,21385330
ライオンズマンション昭代,2198,福岡県福岡市早良区昭代１-2-15,地下鉄空港線「西新」徒歩14分,58.8,2LDK,1981年3月,https://suumo.jp//ms/chuko/fukuoka/sc_fukuokashisawara/nc_21337360/,西新,地下鉄空港線,14,1981-03-01,45,21337360
ライオンズマンション昭代,2198,福岡県福岡市早良区昭代１,地下鉄空港線「西新」徒歩13分,58.8,2LDK,1981年3月,https://suumo.jp//ms/chuko/fukuoka/sc_fukuokashisawara/nc_21326356/,西新,地下鉄空港線,13,1981-03-01,45,21326356
アプローズ空港前,2200,福岡県福岡市博多区青木１,地下鉄空港線「福岡空港」徒歩11分,73.35,4LDK,1999年2月,https://suumo.jp//ms/chuko/fukuoka/sc_fukuokashihakata/nc_21418349/,福岡空港,地下鉄空港線,11,1999-02-01,27,21418349
西新パークマンション,2200,福岡県福岡市早良区西新３,地下鉄空港線「西新」徒歩10分,70.97,3LDK,1988年5月,https://suumo.jp//ms/chuko/fukuoka/sc_fukuokashisawara/nc_20467027/,西新,地下鉄空港線,10,1988-05-01,38,20467027
グレイス博多,2210,福岡県福岡市博多区博多駅東３,地下鉄空港線「東比恵」徒歩10分,63.53,2LDK,1980年8月,https://suumo.jp//ms/chuko/fukuoka/sc_fukuokashihakata/nc_20893718/,東比恵,地下鉄空港線,10,1980-08-01,46,20893718
日商岩井新福陵マンション3号棟,2280,福岡県福岡市早良区荒江３,地下鉄空港線「藤崎」徒歩14分,92.26,4LDK,1978年3月,https://suumo.jp//ms/chuko/fukuoka/sc_fukuokashisawara/nc_21165863/,藤崎,地下鉄空港線,14,1978-03-01,48,21165863
ライオンズマンション薬院,2280,福岡県福岡市中央区薬院３,地下鉄七隈線「薬院大通」徒歩7分,40.87,1LDK,1979年9月,https://suumo.jp//ms/chuko/fukuoka/sc_fukuokashichuo/nc_20863777/,薬院大通,地下鉄七隈線,7,1979-09-01,47,20863777
日商岩井新福陵マンション,2280,福岡県福岡市早良区荒江３,地下鉄空港線「藤崎」徒歩14分,92.26,4LDK,1978年3月,https://suumo.jp//ms/chuko/fukuoka/sc_fukuokashisawara/nc_78371177/,藤崎,地下鉄空港線,14,1978-03-01,48,78371177
サンライフ西公園,2280,福岡県福岡市中央区荒戸３,地下鉄空港線「唐人町」徒歩6分,61.92,2LDK,1977年1月,https://suumo.jp//ms/chuko/fukuoka/sc_fukuokashichuo/nc_21481655/,唐人町,地下鉄空港線,6,1977-01-01,49,21481655
ライオンズマンション昭代,2298,福岡県福岡市早良区昭代１-2-15,地下鉄空港線「西新」徒歩13分,58.8,2LDK,1981年3月,https://suumo.jp//ms/chuko/fukuoka/sc_fukuokashisawara/nc_21379088/,西新,地下鉄空港線,13,1981-03-01,45,21379088
西公園ハウス,2380,福岡県福岡市中央区西公園11-10,地下鉄空港線「大濠公園」徒歩14分,71.7,2LDK,1986年5月,https://suumo.jp//ms/chuko/fukuoka/sc_fukuokashichuo/nc_77529888/,大濠公園,地下鉄空港線,14,1986-05-01,40,77529888
ダイアパレス薬院,2380,福岡県福岡市中央区薬院２-2-26,地下鉄七隈線「薬院大通」徒歩4分,36.37,1LDK,1984年5月,https://suumo.jp//ms/chuko/fukuoka/sc_fukuokashichuo/nc_20582551/,薬院大通,地下鉄七隈線,4,1984-05-01,42,20582551
博多ニッコーハイツ,2380,福岡県福岡市博多区博多駅東３,地下鉄空港線「福岡空港」徒歩10分,70.2,2LDK,1979年11月,https://suumo.jp//ms/chuko/fukuoka/sc_fukuokashihakata/nc_21461259/,福岡空港,地下鉄空港線,10,1979-11-01,47,21461259
アクタス天神スクエア,2380,福岡県福岡市中央区春吉１,地下鉄七隈線「渡辺通」徒歩5分,30.36,1LDK,2017年5月,https://suumo.jp//ms/chuko/fukuoka/sc_fukuokashichuo/nc_20801987/,渡辺通,地下鉄七隈線,5,2017-05-01,9,20801987
エクセレンス谷,2390,福岡県福岡市中央区谷１,地下鉄七隈線「六本松」徒歩7分,57.23,2LDK,1979年8月,https://suumo.jp//ms/chuko/fukuoka/sc_fukuokashichuo/nc_21361722/,六本松,地下鉄七隈線,7,1979-08-01,47,21361722
エクセレンス谷,2390,福岡県福岡市中央区谷１,地下鉄七隈線「六本松」徒歩7分,57.23,2LDK,1979年8月,https://suumo.jp//ms/chuko/fukuoka/sc_fukuokashichuo/nc_20552088/,六本松,地下鉄七隈線,7,1979-08-01,47,20552088
グランピア住吉,2399,福岡県福岡市博多区住吉３,地下鉄七隈線「渡辺通」徒歩9分,51.68,2LDK,1983年1月,https://suumo.jp//ms/chuko/fukuoka/sc_fukuokashihakata/nc_20558546/,渡辺通,地下鉄七隈線,9,1983-01-01,43,20558546
ホワイティ薬院,2400,福岡県福岡市中央区薬院１,西鉄天神大牟田線「薬院」徒歩3分,65.03,3LDK,1975年5月,https://suumo.jp//ms/chuko/fukuoka/sc_fukuokashichuo/nc_21214048/,薬院,西鉄天神大牟田線,3,1975-05-01,51,21214048
グリーンハイツ輝国,2430,福岡県福岡市中央区輝国２-24-55,地下鉄七隈線「六本松」徒歩13分,73.32,3LDK,1980年5月,https://suumo.jp//ms/chuko/fukuoka/sc_fukuokashichuo/nc_20675253/,六本松,地下鉄七隈線,13,1980-05-01,46,20675253
グリーンハイツ輝国,2430,福岡県福岡市中央区輝国２,地下鉄七隈線「六本松」徒歩13分,73.32,3LDK,1980年5月,https://suumo.jp//ms/chuko/fukuoka/sc_fukuokashichuo/nc_79174995/,六本松,地下鉄七隈線,13,1980-05-01,46,79174995
グリーンハイツ輝国,2430,福岡県福岡市中央区輝国２,地下鉄七隈線「六本松」徒歩13分,73.32,3LDK,1980年5月,https://suumo.jp//ms/chuko/fukuoka/sc_fukuokashichuo/nc_20910067/,六本松,地下鉄七隈線,13,1980-05-01,46,20910067
グリーンハイツ輝国,2430,福岡県福岡市中央区輝国２,地下鉄七隈線「六本松」徒歩13分,73.32,3LDK,1980年5月,https://suumo.jp//ms/chuko/fukuoka/sc_fukuokashichuo/nc_21029226/,六本松,地下鉄七隈線,13,1980-05-01,46,21029226
トーカンマンション今泉一〇,2450,福岡県福岡市中央区今泉１-7-13,西鉄天神大牟田線「薬院」徒歩7分,60.84,3LDK,1980年6月,https://suumo.jp//ms/chuko/fukuoka/sc_fukuokashichuo/nc_21507437/,薬院,西鉄天神大牟田線,7,1980-06-01,46,21507437
藤崎センタービル,2450,福岡県福岡市早良区高取２,地下鉄空港線「藤崎」徒歩1分,42.55,1LDK,1979年11月,https://suumo.jp//ms/chuko/fukuoka/sc_fukuokashisawara/nc_20751441/,藤崎,地下鉄空港線,1,1979-11-01,47,20751441
藤崎センタービル,2450,福岡県福岡市早良区高取２-18-6,地下鉄空港線「藤崎」徒歩3分,42.55,1LDK,1979年11月,https://suumo.jp//ms/chuko/fukuoka/sc_fukuokashisawara/nc_21135595/,藤崎,地下鉄空港線,3,1979-11-01,47,21135595
藤崎センタービル,2450,福岡県福岡市早良区高取２,地下鉄空港線「藤崎」徒歩1分,42.55,1LDK,1979年11月,https://suumo.jp//ms/chuko/fukuoka/sc_fukuokashisawara/nc_21202027/,藤崎,地下鉄空港線,1,1979-11-01,47,21202027
カーサ第２博多,2480,福岡県福岡市博多区住吉２,地下鉄七隈線「渡辺通」徒歩10分,55.27,1LDK,1981年11月,https://suumo.jp//ms/chuko/fukuoka/sc_fukuokashihakata/nc_21105486/,渡辺通,地下鉄七隈線,10,1981-11-01,45,21105486
ハイムニュー桜坂,2480,福岡県福岡市中央区桜坂３,地下鉄七隈線「桜坂」徒歩4分,70.33,2LDK+S（納戸）,1975年4月,https://suumo.jp//ms/chuko/fukuoka/sc_fukuokashichuo/nc_21444845/,桜坂,地下鉄七隈線,4,1975-04-01,51,21444845
朝日プラザ博多◆☆簡易事務所可能☆◆,2480,福岡県福岡市博多区博多駅前４,ＪＲ鹿児島本線「博多」徒歩12分,40.88,1LDK,1985年6月,https://suumo.jp//ms/chuko/fukuoka/sc_fukuokashihakata/nc_21313814/,博多,ＪＲ鹿児島本線,12,1985-06-01,41,21313814
朝日プラザ博多,2480,福岡県福岡市博多区博多駅前４-33-11,地下鉄七隈線「博多」徒歩13分,40.88,1LDK,1985年6月,https://suumo.jp//ms/chuko/fukuoka/sc_fukuokashihakata/nc_21309800/,博多,地下鉄七隈線,13,1985-06-01,41,21309800
カーサ第弐博多,2480,福岡県福岡市博多区住吉２,地下鉄七隈線「櫛田神社前」徒歩9分,55.27,1LDK,1981年1月,https://suumo.jp//ms/chuko/fukuoka/sc_fukuokashihakata/nc_21069711/,櫛田神社前,地下鉄七隈線,9,1981-01-01,45,21069711
東峰マンション西公園,2480,福岡県福岡市中央区荒戸３,地下鉄空港線「大濠公園」徒歩7分,54.7,3DK,1978年9月,https://suumo.jp//ms/chuko/fukuoka/sc_fukuokashichuo/nc_21541516/,大濠公園,地下鉄空港線,7,1978-09-01,48,21541516
ライオンズマンション高砂第2,2490,福岡県福岡市中央区高砂２,地下鉄七隈線「薬院」徒歩14分,58.71,2LDK,1979年10月,https://suumo.jp//ms/chuko/fukuoka/sc_fukuokashichuo/nc_21507119/,薬院,地下鉄七隈線,14,1979-10-01,47,21507119
エンクレスト天神南Ⅲ,2499,福岡県福岡市中央区清川３-2-9,地下鉄七隈線「渡辺通」徒歩13分,37.86,1LDK,2005年8月,https://suumo.jp//ms/chuko/fukuoka/sc_fukuokashichuo/nc_20239975/,渡辺通,地下鉄七隈線,13,2005-08-01,21,20239975
エンクレスト天神南Ⅲ,2499,福岡県福岡市中央区清川３,地下鉄七隈線「渡辺通」徒歩13分,37.86,1LDK,2005年8月,https://suumo.jp//ms/chuko/fukuoka/sc_fukuokashichuo/nc_21189932/,渡辺通,地下鉄七隈線,13,2005-08-01,21,21189932
ユーハイム大濠西,2520,福岡県福岡市中央区黒門6-40,地下鉄空港線「唐人町」徒歩1分,48.09,1LDK,1985年8月,https://suumo.jp//ms/chuko/fukuoka/sc_fukuokashichuo/nc_20247920/,唐人町,地下鉄空港線,1,1985-08-01,41,20247920
ユーハイム大濠西,2545,福岡県福岡市中央区黒門,地下鉄空港線「唐人町」徒歩3分,48.09,1LDK,1985年8月,https://suumo.jp//ms/chuko/fukuoka/sc_fukuokashichuo/nc_20708458/,唐人町,地下鉄空港線,3,1985-08-01,41,20708458
ユーハイム大濠西,2545,福岡県福岡市中央区黒門6-40,地下鉄空港線「唐人町」徒歩1分,48.09,1LDK,1985年8月,https://suumo.jp//ms/chuko/fukuoka/sc_fukuokashichuo/nc_20470263/,唐人町,地下鉄空港線,1,1985-08-01,41,20470263
第三住吉ハイツ,2569,福岡県福岡市博多区住吉５-10-7,地下鉄空港線「博多」徒歩13分,67.2,2LDK,1980年5月,https://suumo.jp//ms/chuko/fukuoka/sc_fukuokashihakata/nc_21169345/,博多,地下鉄空港線,13,1980-05-01,46,21169345
第三住吉ハイツ,2569,福岡県福岡市博多区住吉５,ＪＲ鹿児島本線「博多」徒歩13分,67.2,2LDK,1980年5月,https://suumo.jp//ms/chuko/fukuoka/sc_fukuokashihakata/nc_21302046/,博多,ＪＲ鹿児島本線,13,1980-05-01,46,21302046
第三住吉ハイツ,2569,福岡県福岡市博多区住吉５,ＪＲ鹿児島本線「博多」徒歩13分,67.2,2LDK,1980年5月,https://suumo.jp//ms/chuko/fukuoka/sc_fukuokashihakata/nc_20599370/,博多,ＪＲ鹿児島本線,13,1980-05-01,46,20599370
第三住吉ハイツ,2569,福岡県福岡市博多区住吉５,ＪＲ鹿児島本線「博多」徒歩12分,67.2,2LDK,1980年5月,https://suumo.jp//ms/chuko/fukuoka/sc_fukuokashihakata/nc_20491495/,博多,ＪＲ鹿児島本線,12,1980-05-01,46,20491495
第三住吉ハイツ,2569,福岡県福岡市博多区住吉５,ＪＲ鹿児島本線「博多」徒歩14分,67.2,2LDK,1980年5月,https://suumo.jp//ms/chuko/fukuoka/sc_fukuokashihakata/nc_20766547/,博多,ＪＲ鹿児島本線,14,1980-05-01,46,20766547
第三住吉ハイツ,2569,福岡県福岡市博多区住吉５,ＪＲ鹿児島本線「博多」徒歩14分,67.2,2LDK,1980年5月,https://suumo.jp//ms/chuko/fukuoka/sc_fukuokashihakata/nc_20590562/,博多,ＪＲ鹿児島本線,14,1980-05-01,46,20590562
第三住吉ハイツ,2569,福岡県福岡市博多区住吉５-10-7,ＪＲ篠栗線「博多」徒歩13分,67.2,2LDK,1980年5月,https://suumo.jp//ms/chuko/fukuoka/sc_fukuokashihakata/nc_20469945/,博多,ＪＲ篠栗線,13,1980-05-01,46,20469945
第三住吉ハイツ,2569,福岡県福岡市博多区住吉５-10-7,地下鉄七隈線「博多」徒歩15分,67.2,2LDK,1980年5月,https://suumo.jp//ms/chuko/fukuoka/sc_fukuokashihakata/nc_20470485/,博多,地下鉄七隈線,15,1980-05-01,46,20470485
第三住吉ハイツ,2569,福岡県福岡市博多区住吉５,地下鉄空港線「博多」徒歩13分,67.2,2LDK,1980年5月,https://suumo.jp//ms/chuko/fukuoka/sc_fukuokashihakata/nc_20636529/,博多,地下鉄空港線,13,1980-05-01,46,20636529
第三住吉ハイツ,2569,福岡県福岡市博多区住吉５-10-7,ＪＲ鹿児島本線「博多」徒歩14分,67.2,2LDK,1980年5月,https://suumo.jp//ms/chuko/fukuoka/sc_fukuokashihakata/nc_20629461/,博多,ＪＲ鹿児島本線,14,1980-05-01,46,20629461
東峰マンション西公園,2580,福岡県福岡市中央区荒戸３-2-5,地下鉄空港線「大濠公園」徒歩5分,48.59,2LDK,1978年9月,https://suumo.jp//ms/chuko/fukuoka/sc_fukuokashichuo/nc_20890930/,大濠公園,地下鉄空港線,5,1978-09-01,48,20890930
東峰マンション西公園,2580,福岡県福岡市中央区荒戸３-2-5,地下鉄空港線「大濠公園」徒歩6分,48.59,2LDK,1978年9月,https://suumo.jp//ms/chuko/fukuoka/sc_fukuokashichuo/nc_21539160/,大濠公園,地下鉄空港線,6,1978-09-01,48,21539160
東峰マンション西公園,2580,福岡県福岡市中央区荒戸３-２－５,地下鉄空港線「大濠公園」徒歩5分,48.59,2LDK,1978年9月,https://suumo.jp//ms/chuko/fukuoka/sc_fukuokashichuo/nc_21383647/,大濠公園,地下鉄空港線,5,1978-09-01,48,21383647
東峰マンション西公園,2580,福岡県福岡市中央区荒戸３,地下鉄空港線「大濠公園」徒歩5分,48.59,2LDK,1978年9月,https://suumo.jp//ms/chuko/fukuoka/sc_fukuokashichuo/nc_20850543/,大濠公園,地下鉄空港線,5,1978-09-01,48,20850543
東峰マンション西公園,2580,福岡県福岡市中央区荒戸３-2-5,地下鉄空港線「大濠公園」徒歩5分,48.59,2LDK,1978年9月,https://suumo.jp//ms/chuko/fukuoka/sc_fukuokashichuo/nc_20865695/,大濠公園,地下鉄空港線,5,1978-09-01,48,20865695
第3住吉ハイツ702号室,2599,福岡県福岡市博多区住吉５,ＪＲ鹿児島本線「博多」徒歩13分,67.2,2LDK,1980年5月,https://suumo.jp//ms/chuko/fukuoka/sc_fukuokashihakata/nc_20583258/,博多,ＪＲ鹿児島本線,13,1980-05-01,46,20583258
グランフォーレプライム西新,2600,福岡県福岡市早良区西新１,地下鉄空港線「西新」徒歩2分,33.48,1LDK,2010年5月,https://suumo.jp//ms/chuko/fukuoka/sc_fukuokashisawara/nc_21298147/,西新,地下鉄空港線,2,2010-05-01,16,21298147
GSハイム博多,2625,福岡県福岡市博多区博多駅東２-13-21,地下鉄空港線「東比恵」徒歩5分,66.15,3LDK,1980年10月,https://suumo.jp//ms/chuko/fukuoka/sc_fukuokashihakata/nc_20130351/,東比恵,地下鉄空港線,5,1980-10-01,46,20130351
ゾンネンハイム大手門,2635,福岡県福岡市中央区大手門２-5,地下鉄空港線「大濠公園」徒歩7分,66.0,3LDK,1973年8月,https://suumo.jp//ms/chuko/fukuoka/sc_fukuokashichuo/nc_78773022/,大濠公園,地下鉄空港線,7,1973-08-01,53,78773022
ゾンネンハイム大手門,2635,福岡県福岡市中央区大手門２-5,地下鉄空港線「大濠公園」徒歩9分,66.0,1LDK,1973年8月,https://suumo.jp//ms/chuko/fukuoka/sc_fukuokashichuo/nc_20761464/,大濠公園,地下鉄空港線,9,1973-08-01,53,20761464
GSハイム博多,2635,福岡県福岡市博多区博多駅東２,地下鉄空港線「東比恵」徒歩7分,66.15,4DK,1980年10月,https://suumo.jp//ms/chuko/fukuoka/sc_fukuokashihakata/nc_20337474/,東比恵,地下鉄空港線,7,1980-10-01,46,20337474
エバーライフすのこ小前,2670,福岡県福岡市中央区港２-1-9,地下鉄空港線「大濠公園」徒歩8分,45.1,ワンルーム,1983年11月,https://suumo.jp//ms/chuko/fukuoka/sc_fukuokashichuo/nc_21209087/,大濠公園,地下鉄空港線,8,1983-11-01,43,21209087
コープ野村博多東,2680,福岡県福岡市博多区比恵町4-27,地下鉄空港線「東比恵」徒歩5分,69.36,2LDK,1980年3月,https://suumo.jp//ms/chuko/fukuoka/sc_fukuokashihakata/nc_77951272/,東比恵,地下鉄空港線,5,1980-03-01,46,77951272
朝日プラザ高取,2680,福岡県福岡市早良区高取２,地下鉄空港線「藤崎」徒歩3分,49.37,2LDK,1985年2月,https://suumo.jp//ms/chuko/fukuoka/sc_fukuokashisawara/nc_21433813/,藤崎,地下鉄空港線,3,1985-02-01,41,21433813
朝日プラザ高取,2680,福岡県福岡市早良区高取２,地下鉄空港線「藤崎」徒歩2分,49.37,2LDK,1985年2月,https://suumo.jp//ms/chuko/fukuoka/sc_fukuokashisawara/nc_21110100/,藤崎,地下鉄空港線,2,1985-02-01,41,21110100
ビレッタ百道,2680,福岡県福岡市早良区百道１,地下鉄空港線「藤崎」徒歩11分,55.39,2LDK,1975年4月,https://suumo.jp//ms/chuko/fukuoka/sc_fukuokashisawara/nc_79060704/,藤崎,地下鉄空港線,11,1975-04-01,51,79060704
サンポートハイツ,2690,福岡県福岡市中央区港２-5-32,地下鉄空港線「大濠公園」徒歩8分,60.69,2LDK,1974年9月,https://suumo.jp//ms/chuko/fukuoka/sc_fukuokashichuo/nc_21527331/,大濠公園,地下鉄空港線,8,1974-09-01,52,21527331
サンポートハイツ,2690,福岡県福岡市中央区港２,地下鉄空港線「大濠公園」徒歩7分,60.69,2LDK+S（納戸）,1974年9月,https://suumo.jp//ms/chuko/fukuoka/sc_fukuokashichuo/nc_21437179/,大濠公園,地下鉄空港線,7,1974-09-01,52,21437179
サンポートハイツ,2690,福岡県福岡市中央区港２-5-32,地下鉄空港線「大濠公園」徒歩8分,60.69,2LDK,1974年9月,https://suumo.jp//ms/chuko/fukuoka/sc_fukuokashichuo/nc_21304550/,大濠公園,地下鉄空港線,8,1974-09-01,52,21304550
サンポートハイツ,2690,福岡県福岡市中央区港２-５－３２,地下鉄空港線「大濠公園」徒歩8分,60.69,2LDK,1974年9月,https://suumo.jp//ms/chuko/fukuoka/sc_fukuokashichuo/nc_21344961/,大濠公園,地下鉄空港線,8,1974-09-01,52,21344961
サンポートハイツ,2690,福岡県福岡市中央区港２,地下鉄空港線「大濠公園」徒歩7分,60.69,2LDK,1974年9月,https://suumo.jp//ms/chuko/fukuoka/sc_fukuokashichuo/nc_21379024/,大濠公園,地下鉄空港線,7,1974-09-01,52,21379024
サンポートハイツ,2690,福岡県福岡市中央区港２,地下鉄空港線「大濠公園」徒歩8分,60.69,2LDK,1974年9月,https://suumo.jp//ms/chuko/fukuoka/sc_fukuokashichuo/nc_21410495/,大濠公園,地下鉄空港線,8,1974-09-01,52,21410495
サンポートハイツ,2690,福岡県福岡市中央区港２-5-32,地下鉄空港線「大濠公園」徒歩8分,60.69,2LDK,1974年9月,https://suumo.jp//ms/chuko/fukuoka/sc_fukuokashichuo/nc_21289527/,大濠公園,地下鉄空港線,8,1974-09-01,52,21289527
チサンマンション西公園,2690,福岡県福岡市中央区荒戸２,地下鉄空港線「大濠公園」徒歩8分,41.68,1LDK,1984年12月,https://suumo.jp//ms/chuko/fukuoka/sc_fukuokashichuo/nc_21427035/,大濠公園,地下鉄空港線,8,1984-12-01,42,21427035
サンポートハイツ,2690,福岡県福岡市中央区港２-5-32,地下鉄空港線「大濠公園」徒歩7分,60.69,2LDK,1974年9月,https://suumo.jp//ms/chuko/fukuoka/sc_fukuokashichuo/nc_21268183/,大濠公園,地下鉄空港線,7,1974-09-01,52,21268183
サンポートハイツ,2690,福岡県福岡市中央区港２,地下鉄空港線「大濠公園」徒歩8分,60.69,2LDK,1974年9月,https://suumo.jp//ms/chuko/fukuoka/sc_fukuokashichuo/nc_21274074/,大濠公園,地下鉄空港線,8,1974-09-01,52,21274074
ハイライフ平尾,2690,福岡県福岡市中央区平尾４-7-17,地下鉄七隈線「薬院大通」徒歩14分,57.13,1LDK,1977年9月,https://suumo.jp//ms/chuko/fukuoka/sc_fukuokashichuo/nc_77821582/,薬院大通,地下鉄七隈線,14,1977-09-01,49,77821582
チサンマンション西公園,2690,福岡県福岡市中央区荒戸２,地下鉄空港線「大濠公園」徒歩8分,41.68,1LDK,1984年12月,https://suumo.jp//ms/chuko/fukuoka/sc_fukuokashichuo/nc_21406298/,大濠公園,地下鉄空港線,8,1984-12-01,42,21406298
ローズマンション川端,2700,福岡県福岡市博多区上川端町,地下鉄空港線「中洲川端」徒歩3分,45.46,ワンルーム,1974年8月,https://suumo.jp//ms/chuko/fukuoka/sc_fukuokashihakata/nc_21410630/,中洲川端,地下鉄空港線,3,1974-08-01,52,21410630
ローズマンション川端,2700,福岡県福岡市博多区上川端町,地下鉄空港線「中洲川端」徒歩2分,45.46,ワンルーム,1974年8月,https://suumo.jp//ms/chuko/fukuoka/sc_fukuokashihakata/nc_21428865/,中洲川端,地下鉄空港線,2,1974-08-01,52,21428865
ローズマンション川端,2700,福岡県福岡市博多区上川端町,地下鉄空港線「中洲川端」徒歩2分,45.46,ワンルーム,1974年8月,https://suumo.jp//ms/chuko/fukuoka/sc_fukuokashihakata/nc_21392140/,中洲川端,地下鉄空港線,2,1974-08-01,52,21392140
ローズマンション川端,2700,福岡県福岡市博多区上川端町,地下鉄空港線「中洲川端」徒歩3分,45.46,ワンルーム,1974年8月,https://suumo.jp//ms/chuko/fukuoka/sc_fukuokashihakata/nc_21456420/,中洲川端,地下鉄空港線,3,1974-08-01,52,21456420
駅徒歩約4分♪ シティマンション薬院Ⅱ　【担当：大石…,2700,福岡県福岡市中央区大宮１,西鉄天神大牟田線「薬院」徒歩4分,48.8,2LDK,1985年5月,https://suumo.jp//ms/chuko/fukuoka/sc_fukuokashichuo/nc_20680872/,薬院,西鉄天神大牟田線,4,1985-05-01,41,20680872
薬院パークホームズ,2700,福岡県福岡市中央区薬院２-11-28,地下鉄七隈線「薬院大通」徒歩7分,82.59,4LDK,1981年4月,https://suumo.jp//ms/chuko/fukuoka/sc_fukuokashichuo/nc_20186273/,薬院大通,地下鉄七隈線,7,1981-04-01,45,20186273
シティマンション平尾Ⅱ,2780,福岡県福岡市中央区平尾２,西鉄天神大牟田線「薬院」徒歩10分,58.24,3LDK,1985年7月,https://suumo.jp//ms/chuko/fukuoka/sc_fukuokashichuo/nc_78947683/,薬院,西鉄天神大牟田線,10,1985-07-01,41,78947683
グランフォーレラグゼ平尾,2799,福岡県福岡市南区市崎１,地下鉄七隈線「薬院大通」徒歩15分,30.18,1LDK,2011年6月,https://suumo.jp//ms/chuko/fukuoka/sc_fukuokashiminami/nc_21286499/,薬院大通,地下鉄七隈線,15,2011-06-01,15,21286499
グランフォーレラグゼ平尾,2799,福岡県福岡市南区市崎１,地下鉄七隈線「薬院大通」徒歩15分,30.18,1LDK,2011年6月,https://suumo.jp//ms/chuko/fukuoka/sc_fukuokashiminami/nc_21067437/,薬院大通,地下鉄七隈線,15,2011-06-01,15,21067437
グランフォーレラグゼ平尾,2799,福岡県福岡市南区市崎１-17-25,地下鉄七隈線「薬院大通」徒歩15分,30.18,1LDK,2011年6月,https://suumo.jp//ms/chuko/fukuoka/sc_fukuokashiminami/nc_20801795/,薬院大通,地下鉄七隈線,15,2011-06-01,15,20801795
グランフォーレラグゼ博多駅南,2799,福岡県福岡市博多区博多駅南４,地下鉄空港線「東比恵」徒歩15分,33.41,1LDK,2016年7月,https://suumo.jp//ms/chuko/fukuoka/sc_fukuokashihakata/nc_20152980/,東比恵,地下鉄空港線,15,2016-07-01,10,20152980
グランフォーレラグゼ平尾,2799,福岡県福岡市南区市崎１,地下鉄七隈線「薬院」徒歩15分,30.18,1LDK,2011年6月,https://suumo.jp//ms/chuko/fukuoka/sc_fukuokashiminami/nc_21507334/,薬院,地下鉄七隈線,15,2011-06-01,15,21507334
ニューライフ天神,2800,福岡県福岡市中央区天神４,地下鉄空港線「天神」徒歩6分,53.85,2LDK,1983年9月,https://suumo.jp//ms/chuko/fukuoka/sc_fukuokashichuo/nc_20938129/,天神,地下鉄空港線,6,1983-09-01,43,20938129
ニューライフ天神,2800,福岡県福岡市中央区天神４-1-23,地下鉄空港線「天神」徒歩7分,53.85,2LDK,1983年9月,https://suumo.jp//ms/chuko/fukuoka/sc_fukuokashichuo/nc_20946030/,天神,地下鉄空港線,7,1983-09-01,43,20946030
エステートマンション西公園,2850,福岡県福岡市中央区荒戸２,地下鉄空港線「大濠公園」徒歩5分,51.22,1LDK,1987年1月,https://suumo.jp//ms/chuko/fukuoka/sc_fukuokashichuo/nc_21530294/,大濠公園,地下鉄空港線,5,1987-01-01,39,21530294
ダイアパレス平尾２,2880,福岡県福岡市中央区大宮２,西鉄天神大牟田線「薬院」徒歩10分,64.1,2LDK,1983年3月,https://suumo.jp//ms/chuko/fukuoka/sc_fukuokashichuo/nc_20359832/,薬院,西鉄天神大牟田線,10,1983-03-01,43,20359832
東カングランドマンション大濠パークサイド,2880,福岡県福岡市中央区鳥飼１-4-58,地下鉄空港線「唐人町」徒歩12分,55.0,2LDK,1974年8月,https://suumo.jp//ms/chuko/fukuoka/sc_fukuokashichuo/nc_21203656/,唐人町,地下鉄空港線,12,1974-08-01,52,21203656
東カングランドマンション大濠パークサイド,2880,福岡県福岡市中央区鳥飼１,地下鉄空港線「唐人町」徒歩14分,55.0,2LDK,1974年8月,https://suumo.jp//ms/chuko/fukuoka/sc_fukuokashichuo/nc_21146325/,唐人町,地下鉄空港線,14,1974-08-01,52,21146325
東カングランドマンション大濠パークサイド,2880,福岡県福岡市中央区鳥飼１,地下鉄七隈線「六本松」徒歩12分,55.0,2LDK,1974年8月,https://suumo.jp//ms/chuko/fukuoka/sc_fukuokashichuo/nc_21513534/,六本松,地下鉄七隈線,12,1974-08-01,52,21513534
東カングランドマンション大濠パークサイド,2880,福岡県福岡市中央区鳥飼１-4-58,地下鉄七隈線「六本松」徒歩13分,55.0,2LDK,1974年8月,https://suumo.jp//ms/chuko/fukuoka/sc_fukuokashichuo/nc_21085719/,六本松,地下鉄七隈線,13,1974-08-01,52,21085719
ニューライフ平尾,2885,福岡県福岡市中央区平尾１-13,地下鉄七隈線「薬院」徒歩8分,66.7,3LDK,1981年9月,https://suumo.jp//ms/chuko/fukuoka/sc_fukuokashichuo/nc_21450353/,薬院,地下鉄七隈線,8,1981-09-01,45,21450353
ダイアパレス平尾Ⅱ,2890,福岡県福岡市中央区大宮２,西鉄天神大牟田線「薬院」徒歩11分,55.62,1LDK+S（納戸）,1983年3月,https://suumo.jp//ms/chuko/fukuoka/sc_fukuokashichuo/nc_20635589/,薬院,西鉄天神大牟田線,11,1983-03-01,43,20635589
エバーライフ住吉,2890,福岡県福岡市博多区住吉４-4-21,地下鉄七隈線「渡辺通」徒歩14分,52.48,2LDK+S（納戸）,1985年9月,https://suumo.jp//ms/chuko/fukuoka/sc_fukuokashihakata/nc_20753447/,渡辺通,地下鉄七隈線,14,1985-09-01,41,20753447
ふよう港ハイツ,2890,福岡県福岡市博多区築港本町,地下鉄空港線「中洲川端」徒歩14分,69.43,3LDK,1982年4月,https://suumo.jp//ms/chuko/fukuoka/sc_fukuokashihakata/nc_21289350/,中洲川端,地下鉄空港線,14,1982-04-01,44,21289350
ふよう港ハイツ,2890,福岡県福岡市博多区築港本町,地下鉄空港線「中洲川端」徒歩14分,69.43,3LDK,1982年4月,https://suumo.jp//ms/chuko/fukuoka/sc_fukuokashihakata/nc_20878226/,中洲川端,地下鉄空港線,14,1982-04-01,44,20878226
ふよう港ハイツ,2890,福岡県福岡市博多区築港本町2-3,地下鉄空港線「中洲川端」徒歩15分,69.43,3LDK,1982年4月,https://suumo.jp//ms/chuko/fukuoka/sc_fukuokashihakata/nc_20913735/,中洲川端,地下鉄空港線,15,1982-04-01,44,20913735
ふよう港ハイツ,2890,福岡県福岡市博多区築港本町2-3,地下鉄箱崎線「中洲川端」徒歩15分,69.43,3LDK,1982年4月,https://suumo.jp//ms/chuko/fukuoka/sc_fukuokashihakata/nc_20977290/,中洲川端,地下鉄箱崎線,15,1982-04-01,44,20977290
ダイナコート赤坂南,2898,福岡県福岡市中央区桜坂２,地下鉄七隈線「桜坂」徒歩6分,63.27,3LDK,1988年7月,https://suumo.jp//ms/chuko/fukuoka/sc_fukuokashichuo/nc_21187914/,桜坂,地下鉄七隈線,6,1988-07-01,38,21187914
ダイナコート六本松,2899,福岡県福岡市中央区谷１,地下鉄七隈線「桜坂」徒歩6分,59.9,2LDK,1987年3月,https://suumo.jp//ms/chuko/fukuoka/sc_fukuokashichuo/nc_20460207/,桜坂,地下鉄七隈線,6,1987-03-01,39,20460207
ダイナコート六本松,2899,福岡県福岡市中央区谷１,地下鉄七隈線「六本松」徒歩8分,59.9,2LDK,1987年3月,https://suumo.jp//ms/chuko/fukuoka/sc_fukuokashichuo/nc_21368381/,六本松,地下鉄七隈線,8,1987-03-01,39,21368381
ダイナコート六本松,2899,福岡県福岡市中央区谷１-16-5,地下鉄七隈線「六本松」徒歩8分,59.9,2LDK,1987年3月,https://suumo.jp//ms/chuko/fukuoka/sc_fukuokashichuo/nc_21458498/,六本松,地下鉄七隈線,8,1987-03-01,39,21458498
グランフォーレラグゼ平尾,2899,福岡県福岡市南区市崎１,地下鉄七隈線「薬院」徒歩15分,30.18,1LDK,2011年6月,https://suumo.jp//ms/chuko/fukuoka/sc_fukuokashiminami/nc_21110399/,薬院,地下鉄七隈線,15,2011-06-01,15,21110399
大濠ハウス,2980,福岡県福岡市中央区草香江２-18-1,地下鉄七隈線「六本松」徒歩11分,76.18,2LDK+S（納戸）,1978年8月,https://suumo.jp//ms/chuko/fukuoka/sc_fukuokashichuo/nc_21370905/,六本松,地下鉄七隈線,11,1978-08-01,48,21370905
大濠ハウス,2980,福岡県福岡市中央区草香江２,地下鉄七隈線「六本松」徒歩12分,76.18,2LDK+S（納戸）,1978年8月,https://suumo.jp//ms/chuko/fukuoka/sc_fukuokashichuo/nc_20949898/,六本松,地下鉄七隈線,12,1978-08-01,48,20949898
エバーライフ住吉,2980,福岡県福岡市博多区住吉４,地下鉄七隈線「渡辺通」徒歩14分,52.48,2LDK,1985年9月,https://suumo.jp//ms/chuko/fukuoka/sc_fukuokashihakata/nc_21360917/,渡辺通,地下鉄七隈線,14,1985-09-01,41,21360917
大濠ハウス,2980,福岡県福岡市中央区草香江２,地下鉄七隈線「六本松」徒歩10分,76.18,2LDK+S（納戸）,1978年8月,https://suumo.jp//ms/chuko/fukuoka/sc_fukuokashichuo/nc_20956552/,六本松,地下鉄七隈線,10,1978-08-01,48,20956552
東峰マンション博多駅・東,2980,福岡県福岡市博多区比恵町,地下鉄空港線「東比恵」徒歩5分,59.98,1LDK,1985年4月,https://suumo.jp//ms/chuko/fukuoka/sc_fukuokashihakata/nc_21298202/,東比恵,地下鉄空港線,5,1985-04-01,41,21298202
大濠ハウス,2980,福岡県福岡市中央区草香江２-18-1,地下鉄七隈線「六本松」徒歩12分,76.18,2LDK+S（納戸）,1978年8月,https://suumo.jp//ms/chuko/fukuoka/sc_fukuokashichuo/nc_20949136/,六本松,地下鉄七隈線,12,1978-08-01,48,20949136
ライオンズマンション西新,2980,福岡県福岡市早良区西新７,地下鉄空港線「藤崎」徒歩4分,66.36,2LDK,1982年2月,https://suumo.jp//ms/chuko/fukuoka/sc_fukuokashisawara/nc_77788575/,藤崎,地下鉄空港線,4,1982-02-01,44,77788575
チサンマンション祇園,2980,福岡県福岡市博多区祇園町4番3号,地下鉄空港線「祇園」徒歩3分,52.98,2LDK,1980年10月,https://suumo.jp//ms/chuko/fukuoka/sc_fukuokashihakata/nc_21527685/,祇園,地下鉄空港線,3,1980-10-01,46,21527685
ライオンズマンション薬院第５,2980,福岡県福岡市中央区薬院２,地下鉄七隈線「薬院大通」徒歩2分,46.35,1LDK,1982年7月,https://suumo.jp//ms/chuko/fukuoka/sc_fukuokashichuo/nc_20962483/,薬院大通,地下鉄七隈線,2,1982-07-01,44,20962483
大濠ハウス,2980,福岡県福岡市中央区草香江２-18-1,地下鉄七隈線「六本松」徒歩11分,76.18,2LDK+S（納戸）,1978年8月,https://suumo.jp//ms/chuko/fukuoka/sc_fukuokashichuo/nc_20935252/,六本松,地下鉄七隈線,11,1978-08-01,48,20935252
大濠ハウス,2980,福岡県福岡市中央区草香江１,地下鉄七隈線「六本松」徒歩12分,76.18,2LDK+S（納戸）,1978年8月,https://suumo.jp//ms/chuko/fukuoka/sc_fukuokashichuo/nc_20931984/,六本松,地下鉄七隈線,12,1978-08-01,48,20931984
ライオンズマンション西新,2980,福岡県福岡市早良区西新７,地下鉄空港線「藤崎」徒歩5分,66.36,2LDK,1982年2月,https://suumo.jp//ms/chuko/fukuoka/sc_fukuokashisawara/nc_20435512/,藤崎,地下鉄空港線,5,1982-02-01,44,20435512
大濠ハウス,2980,福岡県福岡市中央区草香江２-18-1,地下鉄七隈線「六本松」徒歩11分,76.18,2LDK+S（納戸）,1978年8月,https://suumo.jp//ms/chuko/fukuoka/sc_fukuokashichuo/nc_20946031/,六本松,地下鉄七隈線,11,1978-08-01,48,20946031
グリーンコープ西公園,2980,福岡県福岡市中央区唐人町３,地下鉄空港線「唐人町」徒歩8分,36.66,2LDK,1978年6月,https://suumo.jp//ms/chuko/fukuoka/sc_fukuokashichuo/nc_21291845/,唐人町,地下鉄空港線,8,1978-06-01,48,21291845
ビバライフ奈良屋,2980,福岡県福岡市博多区奈良屋町,地下鉄空港線「中洲川端」徒歩8分,52.65,2LDK,1979年10月,https://suumo.jp//ms/chuko/fukuoka/sc_fukuokashihakata/nc_21343472/,中洲川端,地下鉄空港線,8,1979-10-01,47,21343472
◆☆ビバライフ奈良屋☆◆,2980,福岡県福岡市博多区奈良屋町,地下鉄空港線「中洲川端」徒歩10分,52.65,2LDK,1979年10月,https://suumo.jp//ms/chuko/fukuoka/sc_fukuokashihakata/nc_21367017/,中洲川端,地下鉄空港線,10,1979-10-01,47,21367017
ビバライフ奈良屋【担当：中尾】　までお気軽にお問合せ…,2980,福岡県福岡市博多区奈良屋町,地下鉄空港線「中洲川端」徒歩9分,52.65,2LDK,1979年10月,https://suumo.jp//ms/chuko/fukuoka/sc_fukuokashihakata/nc_21401162/,中洲川端,地下鉄空港線,9,1979-10-01,47,21401162
ファミール輝国,2990,福岡県福岡市中央区輝国２,地下鉄七隈線「六本松」徒歩15分,81.6,3LDK+S（納戸）,1984年3月,https://suumo.jp//ms/chuko/fukuoka/sc_fukuokashichuo/nc_21512457/,六本松,地下鉄七隈線,15,1984-03-01,42,21512457
ファミール輝国,2990,福岡県福岡市中央区輝国２-8-20,地下鉄七隈線「六本松」徒歩15分,81.6,3LDK+S（納戸）,1984年3月,https://suumo.jp//ms/chuko/fukuoka/sc_fukuokashichuo/nc_21539165/,六本松,地下鉄七隈線,15,1984-03-01,42,21539165
エバーライフ住吉,2990,福岡県福岡市博多区住吉４,ＪＲ鹿児島本線「博多」徒歩13分,52.48,2LDK+S（納戸）,1985年9月,https://suumo.jp//ms/chuko/fukuoka/sc_fukuokashihakata/nc_21441061/,博多,ＪＲ鹿児島本線,13,1985-09-01,41,21441061
ロワールマンション西公園2,2990,福岡県福岡市中央区港３,地下鉄空港線「大濠公園」徒歩15分,55.04,2LDK,1984年1月,https://suumo.jp//ms/chuko/fukuoka/sc_fukuokashichuo/nc_21432617/,大濠公園,地下鉄空港線,15,1984-01-01,42,21432617
ファミール輝国,2990,福岡県福岡市中央区輝国２,地下鉄七隈線「六本松」徒歩15分,81.6,3LDK+S（納戸）,1984年3月,https://suumo.jp//ms/chuko/fukuoka/sc_fukuokashichuo/nc_21507126/,六本松,地下鉄七隈線,15,1984-03-01,42,21507126
ファミール輝国,2990,福岡県福岡市中央区輝国２,地下鉄七隈線「六本松」徒歩15分,81.6,3LDK,1984年3月,https://suumo.jp//ms/chuko/fukuoka/sc_fukuokashichuo/nc_21089973/,六本松,地下鉄七隈線,15,1984-03-01,42,21089973
ファミール輝国,2990,福岡県福岡市中央区輝国２,地下鉄七隈線「六本松」徒歩15分,81.6,3LDK,1984年3月,https://suumo.jp//ms/chuko/fukuoka/sc_fukuokashichuo/nc_21195416/,六本松,地下鉄七隈線,15,1984-03-01,42,21195416
グリーンハイツ赤坂,2998,福岡県福岡市中央区赤坂２-６番２３号,地下鉄七隈線「六本松」徒歩11分,72.57,2LDK,1974年10月,https://suumo.jp//ms/chuko/fukuoka/sc_fukuokashichuo/nc_20098723/,六本松,地下鉄七隈線,11,1974-10-01,52,20098723
警固ハウス,2999,福岡県福岡市中央区警固１,地下鉄七隈線「薬院大通」徒歩8分,66.0,2LDK,1980年3月,https://suumo.jp//ms/chuko/fukuoka/sc_fukuokashichuo/nc_79225116/,薬院大通,地下鉄七隈線,8,1980-03-01,46,79225116
ロマネスク大濠アネツクス,2999,福岡県福岡市中央区鳥飼２,地下鉄空港線「唐人町」徒歩12分,59.65,2LDK,1987年5月,https://suumo.jp//ms/chuko/fukuoka/sc_fukuokashichuo/nc_78922034/,唐人町,地下鉄空港線,12,1987-05-01,39,78922034
ロマネスク大濠アネックス,2999,福岡県福岡市中央区鳥飼２-6-15,地下鉄空港線「唐人町」徒歩12分,59.65,2LDK,1987年5月,https://suumo.jp//ms/chuko/fukuoka/sc_fukuokashichuo/nc_20484049/,唐人町,地下鉄空港線,12,1987-05-01,39,20484049
ＫＢＣマンションユーハイム赤坂南,3000,福岡県福岡市中央区警固２,地下鉄七隈線「薬院大通」徒歩7分,84.87,2LDK,1986年2月,https://suumo.jp//ms/chuko/fukuoka/sc_fukuokashichuo/nc_79226603/,薬院大通,地下鉄七隈線,7,1986-02-01,40,79226603
KBCマンションユーハイム赤坂南,3000,福岡県福岡市中央区警固２,地下鉄七隈線「薬院大通」徒歩8分,84.87,2LDK,1986年2月,https://suumo.jp//ms/chuko/fukuoka/sc_fukuokashichuo/nc_20821800/,薬院大通,地下鉄七隈線,8,1986-02-01,40,20821800
ＫＢＣマンションユーハイム赤坂南,3000,福岡県福岡市中央区警固２,地下鉄七隈線「薬院大通」徒歩7分,84.87,2LDK,1986年2月,https://suumo.jp//ms/chuko/fukuoka/sc_fukuokashichuo/nc_78851188/,薬院大通,地下鉄七隈線,7,1986-02-01,40,78851188
KBCマンションユーハイム赤坂南,3000,福岡県福岡市中央区警固２,地下鉄七隈線「薬院大通」徒歩7分,84.87,2LDK,1986年2月,https://suumo.jp//ms/chuko/fukuoka/sc_fukuokashichuo/nc_20711061/,薬院大通,地下鉄七隈線,7,1986-02-01,40,20711061
朝日プラザ博多,3080,福岡県福岡市博多区博多駅前４,ＪＲ鹿児島本線「博多」徒歩13分,54.18,2LDK,1985年6月,https://suumo.jp//ms/chuko/fukuoka/sc_fukuokashihakata/nc_21469830/,博多,ＪＲ鹿児島本線,13,1985-06-01,41,21469830
大濠藤和コーポ,3080,福岡県福岡市中央区赤坂３-4-6,地下鉄七隈線「六本松」徒歩10分,66.6,2LDK,1971年10月,https://suumo.jp//ms/chuko/fukuoka/sc_fukuokashichuo/nc_21509901/,六本松,地下鉄七隈線,10,1971-10-01,55,21509901
警固ハウス,3090,福岡県福岡市中央区警固１-15-15,地下鉄七隈線「薬院大通」徒歩10分,66.0,3LDK,1980年3月,https://suumo.jp//ms/chuko/fukuoka/sc_fukuokashichuo/nc_20863666/,薬院大通,地下鉄七隈線,10,1980-03-01,46,20863666
警固ハウス,3090,福岡県福岡市中央区警固１,地下鉄七隈線「薬院大通」徒歩8分,66.0,3LDK,1980年3月,https://suumo.jp//ms/chuko/fukuoka/sc_fukuokashichuo/nc_20889105/,薬院大通,地下鉄七隈線,8,1980-03-01,46,20889105
警固ハウス,3090,福岡県福岡市中央区警固１-１５－１５,地下鉄七隈線「薬院大通」徒歩8分,66.0,3LDK,1955年3月,https://suumo.jp//ms/chuko/fukuoka/sc_fukuokashichuo/nc_20829059/,薬院大通,地下鉄七隈線,8,1955-03-01,71,20829059
警固ハウス,3090,福岡県福岡市中央区警固１,地下鉄七隈線「薬院大通」徒歩8分,66.0,3LDK,1980年3月,https://suumo.jp//ms/chuko/fukuoka/sc_fukuokashichuo/nc_20896321/,薬院大通,地下鉄七隈線,8,1980-03-01,46,20896321
警固ハウス,3090,福岡県福岡市中央区警固１-15-15,地下鉄七隈線「薬院大通」徒歩9分,66.0,3LDK,1980年3月,https://suumo.jp//ms/chuko/fukuoka/sc_fukuokashichuo/nc_20434666/,薬院大通,地下鉄七隈線,9,1980-03-01,46,20434666
警固ハウス,3090,福岡県福岡市中央区警固１-15-15,地下鉄七隈線「薬院大通」徒歩8分,66.0,3LDK,1980年3月,https://suumo.jp//ms/chuko/fukuoka/sc_fukuokashichuo/nc_21405839/,薬院大通,地下鉄七隈線,8,1980-03-01,46,21405839
警固ハウス,3090,福岡県福岡市中央区警固１,地下鉄七隈線「薬院大通」徒歩10分,66.0,3LDK,1980年3月,https://suumo.jp//ms/chuko/fukuoka/sc_fukuokashichuo/nc_20828263/,薬院大通,地下鉄七隈線,10,1980-03-01,46,20828263
警固ハウス,3090,福岡県福岡市中央区警固１,地下鉄七隈線「薬院大通」徒歩10分,66.0,3LDK,1980年3月,https://suumo.jp//ms/chuko/fukuoka/sc_fukuokashichuo/nc_21199652/,薬院大通,地下鉄七隈線,10,1980-03-01,46,21199652
警固ハウス,3090,福岡県福岡市中央区警固１,地下鉄空港線「赤坂」徒歩10分,66.0,3LDK,1980年3月,https://suumo.jp//ms/chuko/fukuoka/sc_fukuokashichuo/nc_20863593/,赤坂,地下鉄空港線,10,1980-03-01,46,20863593
モントーレラコルタユニバ通り,3090,福岡県糟屋郡志免町別府西３-13-7,地下鉄空港線「福岡空港」徒歩9分,80.57,3LDK,2013年6月,https://suumo.jp//ms/chuko/fukuoka/sc_kasuyagunshime/nc_21345416/,福岡空港,地下鉄空港線,9,2013-06-01,13,21345416
警固ハウス,3090,福岡県福岡市中央区警固１,地下鉄七隈線「薬院大通」徒歩9分,66.0,3LDK,1980年3月,https://suumo.jp//ms/chuko/fukuoka/sc_fukuokashichuo/nc_20869192/,薬院大通,地下鉄七隈線,9,1980-03-01,46,20869192
警固ハウス,3090,福岡県福岡市中央区警固１-15-15,地下鉄七隈線「薬院大通」徒歩8分,66.0,3LDK,1955年3月,https://suumo.jp//ms/chuko/fukuoka/sc_fukuokashichuo/nc_20808256/,薬院大通,地下鉄七隈線,8,1955-03-01,71,20808256
ヴェルドミール今泉,3100,福岡県福岡市中央区今泉２,地下鉄七隈線「薬院大通」徒歩7分,74.17,2LDK+S（納戸）,1980年12月,https://suumo.jp//ms/chuko/fukuoka/sc_fukuokashichuo/nc_21204923/,薬院大通,地下鉄七隈線,7,1980-12-01,46,21204923
クリオラベルヴィ呉服町ウエスト,3130,福岡県福岡市博多区下呉服町,地下鉄空港線「中洲川端」徒歩14分,34.4,1LDK,2020年11月,https://suumo.jp//ms/chuko/fukuoka/sc_fukuokashihakata/nc_21203568/,中洲川端,地下鉄空港線,14,2020-11-01,6,21203568
クリオラベルヴィ呉服町ウエスト,3130,福岡県福岡市博多区下呉服町4-22,地下鉄空港線「中洲川端」徒歩14分,34.4,1LDK,2020年11月,https://suumo.jp//ms/chuko/fukuoka/sc_fukuokashihakata/nc_21191053/,中洲川端,地下鉄空港線,14,2020-11-01,6,21191053
ライオンズマンション大名,3135,福岡県福岡市中央区大名１-2-20,地下鉄空港線「赤坂」徒歩8分,56.72,3DK,1982年4月,https://suumo.jp//ms/chuko/fukuoka/sc_fukuokashichuo/nc_20272676/,赤坂,地下鉄空港線,8,1982-04-01,44,20272676
ライオンズマンション大名,3145,福岡県福岡市中央区大名１,地下鉄空港線「赤坂」徒歩10分,56.72,3DK,1982年4月,https://suumo.jp//ms/chuko/fukuoka/sc_fukuokashichuo/nc_20410832/,赤坂,地下鉄空港線,10,1982-04-01,44,20410832
グレイス博多,3150,福岡県福岡市博多区博多駅東３,地下鉄空港線「東比恵」徒歩5分,95.29,4LDK+S（納戸）,1980年8月,https://suumo.jp//ms/chuko/fukuoka/sc_fukuokashihakata/nc_21515635/,東比恵,地下鉄空港線,5,1980-08-01,46,21515635
朝日プラザ天神,3180,福岡県福岡市中央区舞鶴１,地下鉄空港線「天神」徒歩4分,43.65,ワンルーム,1986年5月,https://suumo.jp//ms/chuko/fukuoka/sc_fukuokashichuo/nc_76206976/,天神,地下鉄空港線,4,1986-05-01,40,76206976
エステートマンション西公園,3180,福岡県福岡市中央区荒戸２-４－３,地下鉄空港線「赤坂」徒歩6分,51.22,1LDK,1987年1月,https://suumo.jp//ms/chuko/fukuoka/sc_fukuokashichuo/nc_21404432/,赤坂,地下鉄空港線,6,1987-01-01,39,21404432
チサンマンション祇園,3180,福岡県福岡市博多区祇園町,地下鉄空港線「祇園」徒歩4分,52.98,2LDK,1980年10月,https://suumo.jp//ms/chuko/fukuoka/sc_fukuokashihakata/nc_20372579/,祇園,地下鉄空港線,4,1980-10-01,46,20372579
クリオラベルヴィ呉服町,3199,福岡県福岡市博多区下呉服町,地下鉄空港線「中洲川端」徒歩10分,34.4,1LDK,2018年1月,https://suumo.jp//ms/chuko/fukuoka/sc_fukuokashihakata/nc_79065759/,中洲川端,地下鉄空港線,10,2018-01-01,8,79065759
◆☆クリオラベルヴィ呉服町☆◆,3199,福岡県福岡市博多区下呉服町,地下鉄空港線「中洲川端」徒歩12分,34.4,1LDK,2018年1月,https://suumo.jp//ms/chuko/fukuoka/sc_fukuokashihakata/nc_20902172/,中洲川端,地下鉄空港線,12,2018-01-01,8,20902172
クリオラベルヴィ呉服町,3199,福岡県福岡市博多区下呉服町3-19,地下鉄空港線「中洲川端」徒歩12分,34.4,1LDK,2018年1月,https://suumo.jp//ms/chuko/fukuoka/sc_fukuokashihakata/nc_79028575/,中洲川端,地下鉄空港線,12,2018-01-01,8,79028575
クリオラベルヴィ呉服町,3199,福岡県福岡市博多区下呉服町,地下鉄空港線「中洲川端」徒歩11分,34.4,1LDK,2018年1月,https://suumo.jp//ms/chuko/fukuoka/sc_fukuokashihakata/nc_21412887/,中洲川端,地下鉄空港線,11,2018-01-01,8,21412887
クリオラベルヴィ呉服町,3199,福岡県福岡市博多区下呉服町,地下鉄空港線「中洲川端」徒歩12分,34.4,1LDK,2018年1月,https://suumo.jp//ms/chuko/fukuoka/sc_fukuokashihakata/nc_20109674/,中洲川端,地下鉄空港線,12,2018-01-01,8,20109674
クリオ ラベルヴィ呉服町,3199,福岡県福岡市博多区下呉服町,地下鉄空港線「中洲川端」徒歩12分,34.4,1LDK,2018年1月,https://suumo.jp//ms/chuko/fukuoka/sc_fukuokashihakata/nc_79035434/,中洲川端,地下鉄空港線,12,2018-01-01,8,79035434
クリオラベルヴィ呉服町,3199,福岡県福岡市博多区下呉服町3-19,地下鉄空港線「中洲川端」徒歩13分,34.4,1LDK,2018年3月,https://suumo.jp//ms/chuko/fukuoka/sc_fukuokashihakata/nc_20582553/,中洲川端,地下鉄空港線,13,2018-03-01,8,20582553
クリオラベルヴィ呉服町,3199,福岡県福岡市博多区下呉服町,地下鉄空港線「中洲川端」徒歩12分,34.4,1LDK,2018年1月,https://suumo.jp//ms/chuko/fukuoka/sc_fukuokashihakata/nc_20500908/,中洲川端,地下鉄空港線,12,2018-01-01,8,20500908
クリオラベルヴィ呉服町,3199,福岡県福岡市博多区下呉服町,地下鉄空港線「中洲川端」徒歩12分,34.4,1LDK,2018年1月,https://suumo.jp//ms/chuko/fukuoka/sc_fukuokashihakata/nc_20938445/,中洲川端,地下鉄空港線,12,2018-01-01,8,20938445
デュオヴェール平尾,3200,福岡県福岡市中央区平尾２,地下鉄七隈線「薬院」徒歩14分,34.1,1LDK,2023年2月,https://suumo.jp//ms/chuko/fukuoka/sc_fukuokashichuo/nc_21187995/,薬院,地下鉄七隈線,14,2023-02-01,3,21187995
オープンレジデンシア大濠西,3200,福岡県福岡市中央区今川２,地下鉄空港線「唐人町」徒歩8分,34.31,1LDK,2024年9月,https://suumo.jp//ms/chuko/fukuoka/sc_fukuokashichuo/nc_76105420/,唐人町,地下鉄空港線,8,2024-09-01,2,76105420
ステイツ天神,3280,福岡県福岡市中央区警固１-6-41,地下鉄七隈線「薬院大通」徒歩9分,46.8,2LDK,1990年10月,https://suumo.jp//ms/chuko/fukuoka/sc_fukuokashichuo/nc_20458386/,薬院大通,地下鉄七隈線,9,1990-10-01,36,20458386
シャンボール大濠,3290,福岡県福岡市中央区鳥飼３,地下鉄空港線「西新」徒歩10分,74.88,2LDK,1978年8月,https://suumo.jp//ms/chuko/fukuoka/sc_fukuokashichuo/nc_20993568/,西新,地下鉄空港線,10,1978-08-01,48,20993568
ロワールマンション博多駅南,3290,福岡県福岡市博多区博多駅南３,ＪＲ鹿児島本線「博多」徒歩13分,69.51,3LDK,1985年9月,https://suumo.jp//ms/chuko/fukuoka/sc_fukuokashihakata/nc_20984952/,博多,ＪＲ鹿児島本線,13,1985-09-01,41,20984952
オープンレジデンシア渡辺通南,3340,福岡県福岡市中央区清川２-18-10,地下鉄七隈線「渡辺通」徒歩9分,34.3,1LDK,2024年8月,https://suumo.jp//ms/chuko/fukuoka/sc_fukuokashichuo/nc_20817855/,渡辺通,地下鉄七隈線,9,2024-08-01,2,20817855
シャンボール大名A棟,3350,福岡県福岡市中央区大名２,地下鉄空港線「赤坂」徒歩4分,61.08,3DK,1981年12月,https://suumo.jp//ms/chuko/fukuoka/sc_fukuokashichuo/nc_20384520/,赤坂,地下鉄空港線,4,1981-12-01,45,20384520
クレアランドマーク,3380,福岡県福岡市博多区冷泉町,地下鉄七隈線「櫛田神社前」徒歩3分,40.43,1LDK,2001年1月,https://suumo.jp//ms/chuko/fukuoka/sc_fukuokashihakata/nc_21036009/,櫛田神社前,地下鉄七隈線,3,2001-01-01,25,21036009
コープ野村博多東,3380,福岡県福岡市博多区比恵町,地下鉄空港線「東比恵」徒歩5分,98.41,3LDK,1980年3月,https://suumo.jp//ms/chuko/fukuoka/sc_fukuokashihakata/nc_20707365/,東比恵,地下鉄空港線,5,1980-03-01,46,20707365
アクロス六本松リル・グレイス,3380,福岡県福岡市中央区草香江２,地下鉄七隈線「六本松」徒歩6分,33.2,1LDK,2023年4月,https://suumo.jp//ms/chuko/fukuoka/sc_fukuokashichuo/nc_20905823/,六本松,地下鉄七隈線,6,2023-04-01,3,20905823
コープ野村博多東,3380,福岡県福岡市博多区比恵町,地下鉄空港線「東比恵」徒歩5分,98.41,3LDK,1980年3月,https://suumo.jp//ms/chuko/fukuoka/sc_fukuokashihakata/nc_79004709/,東比恵,地下鉄空港線,5,1980-03-01,46,79004709
クレアランドマーク,3380,福岡県福岡市博多区冷泉町,地下鉄空港線「祇園」徒歩3分,40.43,1LDK,2001年1月,https://suumo.jp//ms/chuko/fukuoka/sc_fukuokashihakata/nc_21168948/,祇園,地下鉄空港線,3,2001-01-01,25,21168948
クレアランドマーク,3380,福岡県福岡市博多区冷泉町,地下鉄空港線「祇園」徒歩4分,40.43,1LDK,2001年1月,https://suumo.jp//ms/chuko/fukuoka/sc_fukuokashihakata/nc_21020056/,祇園,地下鉄空港線,4,2001-01-01,25,21020056
オープンレジデンシア渡辺通南,3380,福岡県福岡市中央区清川２,地下鉄七隈線「渡辺通」徒歩10分,34.3,1LDK,2024年8月,https://suumo.jp//ms/chuko/fukuoka/sc_fukuokashichuo/nc_20674574/,渡辺通,地下鉄七隈線,10,2024-08-01,2,20674574
クレアランドマーク,3380,福岡県福岡市博多区冷泉町2-9,地下鉄七隈線「櫛田神社前」徒歩5分,40.43,1LDK,2001年1月,https://suumo.jp//ms/chuko/fukuoka/sc_fukuokashihakata/nc_20939258/,櫛田神社前,地下鉄七隈線,5,2001-01-01,25,20939258
サーパス大博通り,3399,福岡県福岡市博多区大博町,地下鉄空港線「中洲川端」徒歩13分,48.39,1LDK,1990年3月,https://suumo.jp//ms/chuko/fukuoka/sc_fukuokashihakata/nc_20884860/,中洲川端,地下鉄空港線,13,1990-03-01,36,20884860
サーパス大博通り,3399,福岡県福岡市博多区大博町5-27,地下鉄箱崎線「中洲川端」徒歩15分,48.39,1LDK,1990年3月,https://suumo.jp//ms/chuko/fukuoka/sc_fukuokashihakata/nc_20870523/,中洲川端,地下鉄箱崎線,15,1990-03-01,36,20870523
サーパス大博通り,3399,福岡県福岡市博多区大博町5-27,地下鉄空港線「中洲川端」徒歩15分,48.39,1LDK,1990年3月,https://suumo.jp//ms/chuko/fukuoka/sc_fukuokashihakata/nc_21115626/,中洲川端,地下鉄空港線,15,1990-03-01,36,21115626
◆☆サーパス大博通り☆◆,3399,福岡県福岡市博多区大博町,地下鉄空港線「中洲川端」徒歩15分,49.39,1LDK,1990年3月,https://suumo.jp//ms/chuko/fukuoka/sc_fukuokashihakata/nc_21159531/,中洲川端,地下鉄空港線,15,1990-03-01,36,21159531
オープンレジデンシア西新,3400,福岡県福岡市早良区城西１,地下鉄空港線「西新」徒歩5分,31.65,1LDK,2025年9月,https://suumo.jp//ms/chuko/fukuoka/sc_fukuokashisawara/nc_78668157/,西新,地下鉄空港線,5,2025-09-01,1,78668157
赤坂エクセル,3449,福岡県福岡市中央区赤坂３,地下鉄七隈線「桜坂」徒歩13分,79.5,2LDK,1974年11月,https://suumo.jp//ms/chuko/fukuoka/sc_fukuokashichuo/nc_20010345/,桜坂,地下鉄七隈線,13,1974-11-01,52,20010345
赤坂エクセル,3449,福岡県福岡市中央区赤坂３,地下鉄空港線「赤坂」徒歩12分,79.5,2LDK,1974年11月,https://suumo.jp//ms/chuko/fukuoka/sc_fukuokashichuo/nc_79139452/,赤坂,地下鉄空港線,12,1974-11-01,52,79139452
赤坂エクセル,3449,福岡県福岡市中央区赤坂３,地下鉄空港線「赤坂」徒歩12分,79.5,2LDK,1974年11月,https://suumo.jp//ms/chuko/fukuoka/sc_fukuokashichuo/nc_79104940/,赤坂,地下鉄空港線,12,1974-11-01,52,79104940
赤坂エクセル,3449,福岡県福岡市中央区赤坂３-8-26,地下鉄空港線「赤坂」徒歩13分,79.5,2LDK,1974年11月,https://suumo.jp//ms/chuko/fukuoka/sc_fukuokashichuo/nc_21226496/,赤坂,地下鉄空港線,13,1974-11-01,52,21226496
赤坂エクセル,3449,福岡県福岡市中央区赤坂３,地下鉄空港線「赤坂」徒歩13分,79.5,2LDK,1974年11月,https://suumo.jp//ms/chuko/fukuoka/sc_fukuokashichuo/nc_79062235/,赤坂,地下鉄空港線,13,1974-11-01,52,79062235
東峰マンション空港通り,3450,福岡県福岡市博多区豊１,地下鉄空港線「東比恵」徒歩12分,78.82,3LDK,1998年10月,https://suumo.jp//ms/chuko/fukuoka/sc_fukuokashihakata/nc_21144720/,東比恵,地下鉄空港線,12,1998-10-01,28,21144720
アムール山王公園南,3450,福岡県福岡市博多区半道橋１,地下鉄空港線「東比恵」徒歩15分,64.89,3LDK,1998年7月,https://suumo.jp//ms/chuko/fukuoka/sc_fukuokashihakata/nc_20642325/,東比恵,地下鉄空港線,15,1998-07-01,28,20642325
ライオンズマンション赤坂,3470,福岡県福岡市中央区赤坂２,地下鉄空港線「赤坂」徒歩8分,58.66,2LDK,1979年11月,https://suumo.jp//ms/chuko/fukuoka/sc_fukuokashichuo/nc_21271723/,赤坂,地下鉄空港線,8,1979-11-01,47,21271723
オープンレジデンシア博多空港通り,3480,福岡県福岡市博多区東光２,ＪＲ鹿児島本線「博多」徒歩10分,34.38,1LDK,2024年9月,https://suumo.jp//ms/chuko/fukuoka/sc_fukuokashihakata/nc_20714459/,博多,ＪＲ鹿児島本線,10,2024-09-01,2,20714459
シャンボール舞鶴,3480,福岡県福岡市中央区舞鶴２,地下鉄空港線「赤坂」徒歩3分,56.7,1LDK+S（納戸）,1979年4月,https://suumo.jp//ms/chuko/fukuoka/sc_fukuokashichuo/nc_79039453/,赤坂,地下鉄空港線,3,1979-04-01,47,79039453
モントーレヴェルキューブシティ福岡空港駅,3480,福岡県糟屋郡志免町別府西３,地下鉄空港線「福岡空港」徒歩11分,59.98,2LDK,2010年2月,https://suumo.jp//ms/chuko/fukuoka/sc_kasuyagunshime/nc_21411387/,福岡空港,地下鉄空港線,11,2010-02-01,16,21411387
ダイアパレス輝国,3480,福岡県福岡市中央区輝国２,地下鉄七隈線「六本松」徒歩11分,90.2,3LDK,1981年3月,https://suumo.jp//ms/chuko/fukuoka/sc_fukuokashichuo/nc_21349299/,六本松,地下鉄七隈線,11,1981-03-01,45,21349299
サンシャイン別府 ペット飼育可、室内美麗【担当：出田…,3490,福岡県福岡市城南区別府４,地下鉄七隈線「別府」徒歩8分,85.62,2LDK,1979年10月,https://suumo.jp//ms/chuko/fukuoka/sc_fukuokashijonan/nc_20884543/,別府,地下鉄七隈線,8,1979-10-01,47,20884543
オープンレジデンシア博多住吉,3490,福岡県福岡市博多区住吉２-7-1,地下鉄七隈線「櫛田神社前」徒歩8分,31.13,1LDK,2023年9月,https://suumo.jp//ms/chuko/fukuoka/sc_fukuokashihakata/nc_75745223/,櫛田神社前,地下鉄七隈線,8,2023-09-01,3,75745223
東峰マンション第二西公園,3498,福岡県福岡市中央区荒戸３-3-48,地下鉄空港線「唐人町」徒歩9分,73.55,3LDK,1982年2月,https://suumo.jp//ms/chuko/fukuoka/sc_fukuokashichuo/nc_21515510/,唐人町,地下鉄空港線,9,1982-02-01,44,21515510
東峰マンション第二西公園,3498,福岡県福岡市中央区荒戸３-3-48,地下鉄空港線「唐人町」徒歩8分,73.55,3LDK,1982年2月,https://suumo.jp//ms/chuko/fukuoka/sc_fukuokashichuo/nc_21544943/,唐人町,地下鉄空港線,8,1982-02-01,44,21544943
東峰マンション第二西公園,3498,福岡県福岡市中央区荒戸３,地下鉄空港線「唐人町」徒歩9分,73.55,3LDK,1982年2月,https://suumo.jp//ms/chuko/fukuoka/sc_fukuokashichuo/nc_20773709/,唐人町,地下鉄空港線,9,1982-02-01,44,20773709
デュオヴェール平尾,3498,福岡県福岡市中央区平尾２,西鉄天神大牟田線「薬院」徒歩15分,34.05,1LDK,2023年3月,https://suumo.jp//ms/chuko/fukuoka/sc_fukuokashichuo/nc_78252151/,薬院,西鉄天神大牟田線,15,2023-03-01,3,78252151
東峰マンション第二西公園,3498,福岡県福岡市中央区荒戸３,地下鉄空港線「唐人町」徒歩9分,73.55,3LDK,1982年2月,https://suumo.jp//ms/chuko/fukuoka/sc_fukuokashichuo/nc_21532014/,唐人町,地下鉄空港線,9,1982-02-01,44,21532014
東峰マンション第二西公園,3498,福岡県福岡市中央区荒戸３,地下鉄空港線「唐人町」徒歩9分,73.55,3LDK,1982年2月,https://suumo.jp//ms/chuko/fukuoka/sc_fukuokashichuo/nc_21540860/,唐人町,地下鉄空港線,9,1982-02-01,44,21540860
オープンレジデンシア薬院白金,3498,福岡県福岡市中央区白金２,西鉄天神大牟田線「薬院」徒歩8分,33.92,1LDK,2023年8月,https://suumo.jp//ms/chuko/fukuoka/sc_fukuokashichuo/nc_20382669/,薬院,西鉄天神大牟田線,8,2023-08-01,3,20382669
コアマンションルネス空港東,3498,福岡県糟屋郡志免町別府北１-13-1,地下鉄空港線「福岡空港」徒歩14分,77.19,3LDK,1996年8月,https://suumo.jp//ms/chuko/fukuoka/sc_kasuyagunshime/nc_21536647/,福岡空港,地下鉄空港線,14,1996-08-01,30,21536647
メゾン高砂,3498,福岡県福岡市中央区高砂２,地下鉄七隈線「渡辺通」徒歩12分,80.13,3LDK,1978年3月,https://suumo.jp//ms/chuko/fukuoka/sc_fukuokashichuo/nc_21081925/,渡辺通,地下鉄七隈線,12,1978-03-01,48,21081925
ライフピア舞鶴,3499,福岡県福岡市中央区舞鶴３,地下鉄空港線「赤坂」徒歩5分,72.3,2LDK,1982年4月,https://suumo.jp//ms/chuko/fukuoka/sc_fukuokashichuo/nc_21382047/,赤坂,地下鉄空港線,5,1982-04-01,44,21382047
ラフィネスシャトードゥ赤坂,3499,福岡県福岡市中央区大手門１,地下鉄空港線「赤坂」徒歩8分,32.81,1LDK,2002年6月,https://suumo.jp//ms/chuko/fukuoka/sc_fukuokashichuo/nc_20726051/,赤坂,地下鉄空港線,8,2002-06-01,24,20726051
ライフピア舞鶴,3499,福岡県福岡市中央区舞鶴３-3-4,地下鉄空港線「赤坂」徒歩7分,72.3,2LDK,1982年4月,https://suumo.jp//ms/chuko/fukuoka/sc_fukuokashichuo/nc_21385331/,赤坂,地下鉄空港線,7,1982-04-01,44,21385331
ライフピア舞鶴,3499,福岡県福岡市中央区舞鶴３,地下鉄空港線「赤坂」徒歩7分,72.3,2LDK,1982年4月,https://suumo.jp//ms/chuko/fukuoka/sc_fukuokashichuo/nc_21445802/,赤坂,地下鉄空港線,7,1982-04-01,44,21445802
ラフィネスシャトードゥ赤坂,3499,福岡県福岡市中央区大手門１,地下鉄空港線「赤坂」徒歩7分,32.81,1LDK,2002年6月,https://suumo.jp//ms/chuko/fukuoka/sc_fukuokashichuo/nc_20946505/,赤坂,地下鉄空港線,7,2002-06-01,24,20946505
ラフィネスシャトードゥ赤坂,3499,福岡県福岡市中央区大手門１-3-31,地下鉄空港線「赤坂」徒歩8分,32.81,1LDK,2002年6月,https://suumo.jp//ms/chuko/fukuoka/sc_fukuokashichuo/nc_20755435/,赤坂,地下鉄空港線,8,2002-06-01,24,20755435
ライフピア舞鶴,3499,福岡県福岡市中央区舞鶴３-3-4,地下鉄空港線「赤坂」徒歩6分,72.3,2LDK,1982年4月,https://suumo.jp//ms/chuko/fukuoka/sc_fukuokashichuo/nc_21453062/,赤坂,地下鉄空港線,6,1982-04-01,44,21453062
ラフィネスシャトードゥ赤坂,3499,福岡県福岡市中央区大手門１,地下鉄空港線「赤坂」徒歩7分,32.81,1LDK,2002年6月,https://suumo.jp//ms/chuko/fukuoka/sc_fukuokashichuo/nc_20814457/,赤坂,地下鉄空港線,7,2002-06-01,24,20814457
ライフピア舞鶴,3499,福岡県福岡市中央区舞鶴３,地下鉄空港線「赤坂」徒歩7分,72.3,2LDK,1982年4月,https://suumo.jp//ms/chuko/fukuoka/sc_fukuokashichuo/nc_21393826/,赤坂,地下鉄空港線,7,1982-04-01,44,21393826
◆☆ラフィネスシャトードゥ赤坂☆◆,3499,福岡県福岡市中央区大手門１,地下鉄空港線「赤坂」徒歩7分,32.81,1LDK,2002年6月,https://suumo.jp//ms/chuko/fukuoka/sc_fukuokashichuo/nc_20853603/,赤坂,地下鉄空港線,7,2002-06-01,24,20853603
ライフピア舞鶴,3499,福岡県福岡市中央区舞鶴３-3-4,地下鉄空港線「赤坂」徒歩7分,72.3,2LDK,1982年4月,https://suumo.jp//ms/chuko/fukuoka/sc_fukuokashichuo/nc_21405881/,赤坂,地下鉄空港線,7,1982-04-01,44,21405881
ライフピア舞鶴301号,3499,福岡県福岡市中央区舞鶴３,地下鉄空港線「赤坂」徒歩7分,72.3,2LDK,1982年4月,https://suumo.jp//ms/chuko/fukuoka/sc_fukuokashichuo/nc_21448317/,赤坂,地下鉄空港線,7,1982-04-01,44,21448317
ラフィネスシャトードゥ赤坂,3499,福岡県福岡市中央区大手門１,地下鉄空港線「大濠公園」徒歩7分,32.81,1LDK,2002年6月,https://suumo.jp//ms/chuko/fukuoka/sc_fukuokashichuo/nc_20917050/,大濠公園,地下鉄空港線,7,2002-06-01,24,20917050
ライフピア舞鶴,3499,福岡県福岡市中央区舞鶴３-3-4,地下鉄空港線「赤坂」徒歩7分,72.3,2LDK,1982年4月,https://suumo.jp//ms/chuko/fukuoka/sc_fukuokashichuo/nc_21463429/,赤坂,地下鉄空港線,7,1982-04-01,44,21463429
ラフィネスシャトードゥ赤坂,3499,福岡県福岡市中央区大手門１,地下鉄空港線「赤坂」徒歩7分,32.81,1LDK,2002年6月,https://suumo.jp//ms/chuko/fukuoka/sc_fukuokashichuo/nc_20294623/,赤坂,地下鉄空港線,7,2002-06-01,24,20294623
ラフィネスシャトードゥ赤坂,3499,福岡県福岡市中央区大手門１-3-31,地下鉄空港線「赤坂」徒歩7分,32.81,1LDK,2002年6月,https://suumo.jp//ms/chuko/fukuoka/sc_fukuokashichuo/nc_20801769/,赤坂,地下鉄空港線,7,2002-06-01,24,20801769
デュオヴェール大濠公園,3499,福岡県福岡市中央区荒戸３,地下鉄空港線「大濠公園」徒歩6分,32.08,1LDK,2019年2月,https://suumo.jp//ms/chuko/fukuoka/sc_fukuokashichuo/nc_21383177/,大濠公園,地下鉄空港線,6,2019-02-01,7,21383177
ライフピア舞鶴,3499,福岡県福岡市中央区舞鶴３,地下鉄空港線「赤坂」徒歩6分,72.3,2LDK,1982年4月,https://suumo.jp//ms/chuko/fukuoka/sc_fukuokashichuo/nc_21489839/,赤坂,地下鉄空港線,6,1982-04-01,44,21489839
ライフピア舞鶴,3499,福岡県福岡市中央区舞鶴３,地下鉄空港線「赤坂」徒歩6分,72.3,2LDK,1982年4月,https://suumo.jp//ms/chuko/fukuoka/sc_fukuokashichuo/nc_21502626/,赤坂,地下鉄空港線,6,1982-04-01,44,21502626
三井薬院ハイツ,3500,福岡県福岡市中央区薬院２,地下鉄七隈線「薬院大通」徒歩5分,74.24,2LDK,1982年11月,https://suumo.jp//ms/chuko/fukuoka/sc_fukuokashichuo/nc_21428723/,薬院大通,地下鉄七隈線,5,1982-11-01,44,21428723
シャンボール大名 D棟,3500,福岡県福岡市中央区大名２,地下鉄空港線「赤坂」徒歩3分,58.88,3DK,1982年1月,https://suumo.jp//ms/chuko/fukuoka/sc_fukuokashichuo/nc_21099765/,赤坂,地下鉄空港線,3,1982-01-01,44,21099765
ライフピア舞鶴,3549,福岡県福岡市中央区舞鶴３,地下鉄空港線「赤坂」徒歩7分,72.3,2LDK,1982年4月,https://suumo.jp//ms/chuko/fukuoka/sc_fukuokashichuo/nc_21127107/,赤坂,地下鉄空港線,7,1982-04-01,44,21127107
パークリュクス博多駅前,3580,福岡県福岡市博多区博多駅前４,ＪＲ鹿児島本線「博多」徒歩11分,30.04,1LDK,2024年12月,https://suumo.jp//ms/chuko/fukuoka/sc_fukuokashihakata/nc_20530374/,博多,ＪＲ鹿児島本線,11,2024-12-01,2,20530374
アンピール空港駅前,3580,福岡県糟屋郡志免町別府西３,地下鉄空港線「福岡空港」徒歩13分,113.47,3LDK,2004年7月,https://suumo.jp//ms/chuko/fukuoka/sc_kasuyagunshime/nc_21518572/,福岡空港,地下鉄空港線,13,2004-07-01,22,21518572
オープンレジデンシア薬院南,3580,福岡県福岡市中央区平尾３-5-6,西鉄天神大牟田線「薬院」徒歩9分,34.54,1LDK,2022年9月,https://suumo.jp//ms/chuko/fukuoka/sc_fukuokashichuo/nc_20474520/,薬院,西鉄天神大牟田線,9,2022-09-01,4,20474520
グランフォーレ西新,3599,福岡県福岡市早良区城西１-8-14,地下鉄空港線「西新」徒歩5分,40.05,1LDK,2006年9月,https://suumo.jp//ms/chuko/fukuoka/sc_fukuokashisawara/nc_21046332/,西新,地下鉄空港線,5,2006-09-01,20,21046332
グランフォーレ西新,3599,福岡県福岡市早良区城西１,地下鉄空港線「西新」徒歩5分,40.05,1LDK,2006年9月,https://suumo.jp//ms/chuko/fukuoka/sc_fukuokashisawara/nc_21249165/,西新,地下鉄空港線,5,2006-09-01,20,21249165
グランフォーレ西新,3599,福岡県福岡市早良区城西１,地下鉄空港線「西新」徒歩6分,40.05,1LDK,2006年9月,https://suumo.jp//ms/chuko/fukuoka/sc_fukuokashisawara/nc_21097552/,西新,地下鉄空港線,6,2006-09-01,20,21097552
グランフォーレ西新,3599,福岡県福岡市早良区城西１,地下鉄空港線「西新」徒歩6分,40.05,1LDK,2006年9月,https://suumo.jp//ms/chuko/fukuoka/sc_fukuokashisawara/nc_21146280/,西新,地下鉄空港線,6,2006-09-01,20,21146280
グランフォーレ西新602号室,3599,福岡県福岡市早良区城西１,地下鉄空港線「西新」徒歩6分,40.05,1LDK,2006年9月,https://suumo.jp//ms/chuko/fukuoka/sc_fukuokashisawara/nc_21161920/,西新,地下鉄空港線,6,2006-09-01,20,21161920
グランフォーレ西新,3599,福岡県福岡市早良区城西１,地下鉄空港線「西新」徒歩7分,40.05,1LDK,2006年9月,https://suumo.jp//ms/chuko/fukuoka/sc_fukuokashisawara/nc_21412696/,西新,地下鉄空港線,7,2006-09-01,20,21412696
ラフィネスシャトードゥ赤坂,3599,福岡県福岡市中央区大手門１,地下鉄空港線「赤坂」徒歩7分,32.81,1LDK,2002年6月,https://suumo.jp//ms/chuko/fukuoka/sc_fukuokashichuo/nc_20392329/,赤坂,地下鉄空港線,7,2002-06-01,24,20392329
ブラントン六本松,3620,福岡県福岡市中央区草香江２,地下鉄七隈線「六本松」徒歩3分,33.61,1LDK,2020年3月,https://suumo.jp//ms/chuko/fukuoka/sc_fukuokashichuo/nc_20737121/,六本松,地下鉄七隈線,3,2020-03-01,6,20737121
デュオヴェール西新,3640,福岡県福岡市早良区祖原,地下鉄空港線「西新」徒歩6分,32.87,1LDK,2021年7月,https://suumo.jp//ms/chuko/fukuoka/sc_fukuokashisawara/nc_21484088/,西新,地下鉄空港線,6,2021-07-01,5,21484088
グレイス博多,3680,福岡県福岡市博多区博多駅東３-6-23,地下鉄空港線「東比恵」徒歩6分,95.29,3LDK,1980年8月,https://suumo.jp//ms/chuko/fukuoka/sc_fukuokashihakata/nc_21328647/,東比恵,地下鉄空港線,6,1980-08-01,46,21328647
ロマネスク西公園,3680,福岡県福岡市中央区荒戸３,地下鉄空港線「唐人町」徒歩6分,87.1,3LDK,1981年4月,https://suumo.jp//ms/chuko/fukuoka/sc_fukuokashichuo/nc_21359955/,唐人町,地下鉄空港線,6,1981-04-01,45,21359955
オープンレジデンシア薬院南,3690,福岡県福岡市中央区平尾３,西鉄天神大牟田線「薬院」徒歩8分,39.99,1LDK,2022年8月,https://suumo.jp//ms/chuko/fukuoka/sc_fukuokashichuo/nc_20586988/,薬院,西鉄天神大牟田線,8,2022-08-01,4,20586988
星和今泉コーポラス,3690,福岡県福岡市中央区今泉２,地下鉄七隈線「薬院大通」徒歩7分,88.0,3LDK,1982年2月,https://suumo.jp//ms/chuko/fukuoka/sc_fukuokashichuo/nc_78533278/,薬院大通,地下鉄七隈線,7,1982-02-01,44,78533278
コープ野村博多駅東,3698,福岡県福岡市博多区比恵町4-27,地下鉄空港線「東比恵」徒歩8分,98.41,4LDK,1980年3月,https://suumo.jp//ms/chuko/fukuoka/sc_fukuokashihakata/nc_21415113/,東比恵,地下鉄空港線,8,1980-03-01,46,21415113
グランフォーレ西新,3699,福岡県福岡市早良区城西１-8-14,地下鉄空港線「西新」徒歩5分,40.05,1LDK,2006年9月,https://suumo.jp//ms/chuko/fukuoka/sc_fukuokashisawara/nc_21400377/,西新,地下鉄空港線,5,2006-09-01,20,21400377
クリオラベルヴィ赤坂,3700,福岡県福岡市中央区大手門２,地下鉄空港線「赤坂」徒歩7分,34.92,1LDK,2021年4月,https://suumo.jp//ms/chuko/fukuoka/sc_fukuokashichuo/nc_21363161/,赤坂,地下鉄空港線,7,2021-04-01,5,21363161
パーク・サンリヤン博多の森I・II番館,3730,福岡県糟屋郡志免町別府西２,地下鉄空港線「福岡空港」徒歩11分,89.13,4LDK,2003年3月,https://suumo.jp//ms/chuko/fukuoka/sc_kasuyagunshime/nc_20968151/,福岡空港,地下鉄空港線,11,2003-03-01,23,20968151
オープンレジデンシア渡辺通南,3750,福岡県福岡市中央区清川２-18-10,地下鉄七隈線「渡辺通」徒歩10分,38.25,1LDK,2024年8月,https://suumo.jp//ms/chuko/fukuoka/sc_fukuokashichuo/nc_21518027/,渡辺通,地下鉄七隈線,10,2024-08-01,2,21518027
オープンレジデンシア天神今泉,3750,福岡県福岡市中央区今泉２,地下鉄七隈線「薬院大通」徒歩7分,34.12,1LDK,2023年9月,https://suumo.jp//ms/chuko/fukuoka/sc_fukuokashichuo/nc_75894792/,薬院大通,地下鉄七隈線,7,2023-09-01,3,75894792
ダイアパレス六本松,3780,福岡県福岡市中央区六本松４,地下鉄七隈線「六本松」徒歩2分,66.85,2LDK+S（納戸）,1985年3月,https://suumo.jp//ms/chuko/fukuoka/sc_fukuokashichuo/nc_21315844/,六本松,地下鉄七隈線,2,1985-03-01,41,21315844
ロマネスク西公園第6,3790,福岡県福岡市中央区荒戸２,地下鉄空港線「大濠公園」徒歩7分,52.24,2LDK,1991年3月,https://suumo.jp//ms/chuko/fukuoka/sc_fukuokashichuo/nc_20896901/,大濠公園,地下鉄空港線,7,1991-03-01,35,20896901
サンライフ六本松,3790,福岡県福岡市中央区草香江２,地下鉄七隈線「六本松」徒歩2分,60.02,1LDK+S（納戸）,1984年5月,https://suumo.jp//ms/chuko/fukuoka/sc_fukuokashichuo/nc_20062724/,六本松,地下鉄七隈線,2,1984-05-01,42,20062724
サンライフ六本松,3790,福岡県福岡市中央区草香江２-1-40,地下鉄七隈線「六本松」徒歩4分,60.02,2LDK,1984年5月,https://suumo.jp//ms/chuko/fukuoka/sc_fukuokashichuo/nc_20660212/,六本松,地下鉄七隈線,4,1984-05-01,42,20660212
ロマネスク西公園第6,3790,福岡県福岡市中央区荒戸２,地下鉄空港線「大濠公園」徒歩7分,52.24,2LDK,1991年3月,https://suumo.jp//ms/chuko/fukuoka/sc_fukuokashichuo/nc_21246960/,大濠公園,地下鉄空港線,7,1991-03-01,35,21246960
サンライフ六本松,3790,福岡県福岡市中央区草香江２,地下鉄七隈線「六本松」徒歩3分,60.02,2LDK,1984年5月,https://suumo.jp//ms/chuko/fukuoka/sc_fukuokashichuo/nc_21427031/,六本松,地下鉄七隈線,3,1984-05-01,42,21427031
エステートマンション赤坂けやき通り,3790,福岡県福岡市中央区赤坂３,地下鉄七隈線「桜坂」徒歩11分,68.53,3LDK,1995年3月,https://suumo.jp//ms/chuko/fukuoka/sc_fukuokashichuo/nc_21266295/,桜坂,地下鉄七隈線,11,1995-03-01,31,21266295
ロマネスク西公園第６,3790,福岡県福岡市中央区荒戸２,地下鉄空港線「大濠公園」徒歩7分,52.24,2LDK,1991年3月,https://suumo.jp//ms/chuko/fukuoka/sc_fukuokashichuo/nc_20952543/,大濠公園,地下鉄空港線,7,1991-03-01,35,20952543
エステートマンション赤坂けやき通り,3790,福岡県福岡市中央区赤坂３,地下鉄七隈線「桜坂」徒歩11分,68.53,3LDK,1995年3月,https://suumo.jp//ms/chuko/fukuoka/sc_fukuokashichuo/nc_21471749/,桜坂,地下鉄七隈線,11,1995-03-01,31,21471749
エステートマンション赤坂けやき通り,3790,福岡県福岡市中央区赤坂３,地下鉄七隈線「桜坂」徒歩11分,68.53,3LDK,1995年3月,https://suumo.jp//ms/chuko/fukuoka/sc_fukuokashichuo/nc_21425690/,桜坂,地下鉄七隈線,11,1995-03-01,31,21425690
コープ野村博多東,3798,福岡県福岡市博多区比恵町,地下鉄空港線「東比恵」徒歩4分,98.41,4LDK,1980年3月,https://suumo.jp//ms/chuko/fukuoka/sc_fukuokashihakata/nc_21233451/,東比恵,地下鉄空港線,4,1980-03-01,46,21233451
藤和薬院コープ,3798,福岡県福岡市中央区薬院２-3-3,地下鉄七隈線「薬院大通」徒歩2分,71.18,3LDK,1979年3月,https://suumo.jp//ms/chuko/fukuoka/sc_fukuokashichuo/nc_21008454/,薬院大通,地下鉄七隈線,2,1979-03-01,47,21008454
藤和薬院コープ,3798,福岡県福岡市中央区薬院２,地下鉄七隈線「薬院大通」徒歩3分,71.18,3LDK,1979年3月,https://suumo.jp//ms/chuko/fukuoka/sc_fukuokashichuo/nc_21454496/,薬院大通,地下鉄七隈線,3,1979-03-01,47,21454496
藤和薬院コープ,3798,福岡県福岡市中央区薬院２,地下鉄七隈線「薬院大通」徒歩2分,71.18,3LDK,1979年3月,https://suumo.jp//ms/chuko/fukuoka/sc_fukuokashichuo/nc_20590770/,薬院大通,地下鉄七隈線,2,1979-03-01,47,20590770
コープ野村博多東,3798,福岡県福岡市博多区比恵町4-27,地下鉄空港線「東比恵」徒歩6分,98.41,4LDK,1980年3月,https://suumo.jp//ms/chuko/fukuoka/sc_fukuokashihakata/nc_21363469/,東比恵,地下鉄空港線,6,1980-03-01,46,21363469
藤和薬院コープ,3798,福岡県福岡市中央区薬院２,地下鉄七隈線「薬院大通」徒歩2分,68.55,3LDK,1979年3月,https://suumo.jp//ms/chuko/fukuoka/sc_fukuokashichuo/nc_21237186/,薬院大通,地下鉄七隈線,2,1979-03-01,47,21237186
藤和薬院コープ,3798,福岡県福岡市中央区薬院２,地下鉄七隈線「薬院大通」徒歩2分,73.69,3LDK,1979年3月,https://suumo.jp//ms/chuko/fukuoka/sc_fukuokashichuo/nc_21328632/,薬院大通,地下鉄七隈線,2,1979-03-01,47,21328632
オープンレジデンシア渡辺通南,3800,福岡県福岡市中央区清川２,地下鉄七隈線「渡辺通」徒歩10分,38.25,1LDK,2024年9月,https://suumo.jp//ms/chuko/fukuoka/sc_fukuokashichuo/nc_78135127/,渡辺通,地下鉄七隈線,10,2024-09-01,2,78135127
シャトレ鳥飼,3830,福岡県福岡市城南区鳥飼４-４－３８,地下鉄七隈線「別府」徒歩9分,90.4,3LDK+S（納戸）,1983年6月,https://suumo.jp//ms/chuko/fukuoka/sc_fukuokashijonan/nc_21288771/,別府,地下鉄七隈線,9,1983-06-01,43,21288771
ハイラーク舞鶴,3840,福岡県福岡市中央区舞鶴１,地下鉄空港線「赤坂」徒歩7分,67.98,2LDK,1980年1月,https://suumo.jp//ms/chuko/fukuoka/sc_fukuokashichuo/nc_20894851/,赤坂,地下鉄空港線,7,1980-01-01,46,20894851
エステムプラザ天神ＥＡＳＴプレミアムタワー,3850,福岡県福岡市博多区古門戸町,地下鉄空港線「中洲川端」徒歩8分,54.6,2LDK,2008年11月,https://suumo.jp//ms/chuko/fukuoka/sc_fukuokashihakata/nc_21393485/,中洲川端,地下鉄空港線,8,2008-11-01,18,21393485
東峰マンションハイツ今川,3850,福岡県福岡市中央区今川１,地下鉄空港線「唐人町」徒歩6分,68.35,2LDK,1979年9月,https://suumo.jp//ms/chuko/fukuoka/sc_fukuokashichuo/nc_21505466/,唐人町,地下鉄空港線,6,1979-09-01,47,21505466
オープンレジデンシア大濠西,3850,福岡県福岡市中央区今川２,地下鉄空港線「唐人町」徒歩8分,34.11,1LDK,2024年8月,https://suumo.jp//ms/chuko/fukuoka/sc_fukuokashichuo/nc_21193978/,唐人町,地下鉄空港線,8,2024-08-01,2,21193978
オープンレジデンシア大濠公園,3850,福岡県福岡市中央区大手門２,地下鉄空港線「大濠公園」徒歩5分,34.78,1LDK,2023年4月,https://suumo.jp//ms/chuko/fukuoka/sc_fukuokashichuo/nc_21541625/,大濠公園,地下鉄空港線,5,2023-04-01,3,21541625
朝日プラザ薬院,3880,福岡県福岡市中央区薬院２-１１－１０,地下鉄七隈線「薬院大通」徒歩6分,63.32,2LDK,1984年10月,https://suumo.jp//ms/chuko/fukuoka/sc_fukuokashichuo/nc_21362518/,薬院大通,地下鉄七隈線,6,1984-10-01,42,21362518
朝日プラザ薬院,3880,福岡県福岡市中央区薬院２,地下鉄七隈線「薬院大通」徒歩6分,63.32,2LDK,1984年10月,https://suumo.jp//ms/chuko/fukuoka/sc_fukuokashichuo/nc_21403451/,薬院大通,地下鉄七隈線,6,1984-10-01,42,21403451
平尾ハウス,3880,福岡県福岡市中央区平尾１,地下鉄七隈線「薬院」徒歩7分,76.44,3LDK,1980年4月,https://suumo.jp//ms/chuko/fukuoka/sc_fukuokashichuo/nc_21369196/,薬院,地下鉄七隈線,7,1980-04-01,46,21369196
朝日プラザ薬院,3880,福岡県福岡市中央区薬院２,地下鉄七隈線「薬院大通」徒歩5分,63.32,2LDK,1984年10月,https://suumo.jp//ms/chuko/fukuoka/sc_fukuokashichuo/nc_21460980/,薬院大通,地下鉄七隈線,5,1984-10-01,42,21460980
舞鶴パークホームズ,3900,福岡県福岡市中央区舞鶴２,地下鉄空港線「赤坂」徒歩7分,80.05,4LDK,1980年4月,https://suumo.jp//ms/chuko/fukuoka/sc_fukuokashichuo/nc_20520587/,赤坂,地下鉄空港線,7,1980-04-01,46,20520587
アンピール百年橋,3980,福岡県福岡市中央区清川３-9-23,地下鉄七隈線「渡辺通」徒歩15分,73.11,3LDK,1995年9月,https://suumo.jp//ms/chuko/fukuoka/sc_fukuokashichuo/nc_20914350/,渡辺通,地下鉄七隈線,15,1995-09-01,31,20914350
グリーンマンション平尾,3980,福岡県福岡市中央区平尾２,地下鉄七隈線「薬院」徒歩13分,71.38,3LDK,1996年4月,https://suumo.jp//ms/chuko/fukuoka/sc_fukuokashichuo/nc_21348261/,薬院,地下鉄七隈線,13,1996-04-01,30,21348261
オープンレジデンシア博多住吉,3980,福岡県福岡市博多区住吉２,地下鉄空港線「博多」徒歩9分,38.65,1LDK,2023年8月,https://suumo.jp//ms/chuko/fukuoka/sc_fukuokashihakata/nc_78348132/,博多,地下鉄空港線,9,2023-08-01,3,78348132
オープンレジデンシア博多住吉,3980,福岡県福岡市博多区住吉２,地下鉄七隈線「櫛田神社前」徒歩6分,38.65,1LDK,2023年9月,https://suumo.jp//ms/chuko/fukuoka/sc_fukuokashihakata/nc_77553274/,櫛田神社前,地下鉄七隈線,6,2023-09-01,3,77553274
パーク・サンリヤン博多の森,3980,福岡県糟屋郡志免町別府西２,地下鉄空港線「福岡空港」徒歩14分,99.56,4LDK,2005年12月,https://suumo.jp//ms/chuko/fukuoka/sc_kasuyagunshime/nc_21463293/,福岡空港,地下鉄空港線,14,2005-12-01,21,21463293
ハイツ平尾,3980,福岡県福岡市中央区平尾２-19-7,地下鉄七隈線「薬院大通」徒歩12分,80.02,4LDK,1987年7月,https://suumo.jp//ms/chuko/fukuoka/sc_fukuokashichuo/nc_21285036/,薬院大通,地下鉄七隈線,12,1987-07-01,39,21285036
ライオンズミレス西新,3980,福岡県福岡市早良区城西３-19-2,地下鉄空港線「西新」徒歩6分,33.71,1LDK,2022年1月,https://suumo.jp//ms/chuko/fukuoka/sc_fukuokashisawara/nc_21528228/,西新,地下鉄空港線,6,2022-01-01,4,21528228
ライオンズミレス西新,3980,福岡県福岡市早良区城西３,地下鉄空港線「西新」徒歩5分,33.47,1LDK,2022年1月,https://suumo.jp//ms/chuko/fukuoka/sc_fukuokashisawara/nc_21225525/,西新,地下鉄空港線,5,2022-01-01,4,21225525
ライオンズマンション大名,3990,福岡県福岡市中央区大名１,地下鉄空港線「赤坂」徒歩8分,56.72,2LDK,1982年2月,https://suumo.jp//ms/chuko/fukuoka/sc_fukuokashichuo/nc_21523389/,赤坂,地下鉄空港線,8,1982-02-01,44,21523389
西公園ツインタワー,3998,福岡県福岡市中央区荒戸２,地下鉄空港線「大濠公園」徒歩9分,83.05,3LDK,1990年1月,https://suumo.jp//ms/chuko/fukuoka/sc_fukuokashichuo/nc_20977246/,大濠公園,地下鉄空港線,9,1990-01-01,36,20977246
西公園ツインタワー,3998,福岡県福岡市中央区荒戸２,地下鉄空港線「大濠公園」徒歩8分,83.05,3LDK,1990年1月,https://suumo.jp//ms/chuko/fukuoka/sc_fukuokashichuo/nc_21188027/,大濠公園,地下鉄空港線,8,1990-01-01,36,21188027
西公園ツインタワー,3998,福岡県福岡市中央区荒戸２,地下鉄空港線「大濠公園」徒歩10分,83.05,3LDK,1990年1月,https://suumo.jp//ms/chuko/fukuoka/sc_fukuokashichuo/nc_20760407/,大濠公園,地下鉄空港線,10,1990-01-01,36,20760407
赤坂パインマンション406号室◆☆上質なデザイン空間…,3999,福岡県福岡市中央区赤坂１,地下鉄空港線「赤坂」徒歩7分,72.0,2LDK,1981年5月,https://suumo.jp//ms/chuko/fukuoka/sc_fukuokashichuo/nc_21530132/,赤坂,地下鉄空港線,7,1981-05-01,45,21530132
赤坂パインマンション,3999,福岡県福岡市中央区赤坂１-2-6,地下鉄空港線「赤坂」徒歩8分,72.0,2LDK,1981年5月,https://suumo.jp//ms/chuko/fukuoka/sc_fukuokashichuo/nc_21539168/,赤坂,地下鉄空港線,8,1981-05-01,45,21539168
ガイアコート赤坂浄水壱番館,4000,福岡県福岡市中央区六本松３,地下鉄七隈線「六本松」徒歩10分,60.41,2LDK,1993年9月,https://suumo.jp//ms/chuko/fukuoka/sc_fukuokashichuo/nc_21365320/,六本松,地下鉄七隈線,10,1993-09-01,33,21365320
西公園ツインタワー,4000,福岡県福岡市中央区荒戸２,地下鉄空港線「大濠公園」徒歩10分,81.69,4LDK,1990年1月,https://suumo.jp//ms/chuko/fukuoka/sc_fukuokashichuo/nc_20666923/,大濠公園,地下鉄空港線,10,1990-01-01,36,20666923
オープンレジデンシア薬院白金,4100,福岡県福岡市中央区白金２,西鉄天神大牟田線「薬院」徒歩8分,33.05,1LDK,2023年9月,https://suumo.jp//ms/chuko/fukuoka/sc_fukuokashichuo/nc_20865211/,薬院,西鉄天神大牟田線,8,2023-09-01,3,20865211
アンピール・ラトゥール別府,4180,福岡県福岡市城南区別府３,地下鉄七隈線「別府」徒歩3分,67.44,2LDK+S（納戸）,1995年10月,https://suumo.jp//ms/chuko/fukuoka/sc_fukuokashijonan/nc_21418153/,別府,地下鉄七隈線,3,1995-10-01,31,21418153
アクロス大濠公園グランビュー,4180,福岡県福岡市中央区黒門,地下鉄空港線「唐人町」徒歩3分,37.11,1LDK,2025年2月,https://suumo.jp//ms/chuko/fukuoka/sc_fukuokashichuo/nc_20401004/,唐人町,地下鉄空港線,3,2025-02-01,1,20401004
ロイヤルアーク空港前,4180,福岡県福岡市博多区空港前３,地下鉄空港線「福岡空港」徒歩8分,90.13,4LDK,2008年3月,https://suumo.jp//ms/chuko/fukuoka/sc_fukuokashihakata/nc_21469826/,福岡空港,地下鉄空港線,8,2008-03-01,18,21469826
パーク・サンリヤン博多の森Ⅰ・Ⅱ番館,4190,福岡県糟屋郡志免町別府西２,地下鉄空港線「福岡空港」徒歩11分,82.19,3LDK,2003年3月,https://suumo.jp//ms/chuko/fukuoka/sc_kasuyagunshime/nc_20724058/,福岡空港,地下鉄空港線,11,2003-03-01,23,20724058
パーク・サンリヤン博多の森Ⅰ・Ⅱ番館,4190,福岡県糟屋郡志免町別府西２,地下鉄空港線「福岡空港」徒歩15分,82.19,3LDK,2003年3月,https://suumo.jp//ms/chuko/fukuoka/sc_kasuyagunshime/nc_21204565/,福岡空港,地下鉄空港線,15,2003-03-01,23,21204565
アンピール百年橋,4190,福岡県福岡市中央区清川３,地下鉄七隈線「渡辺通」徒歩14分,70.11,3LDK,1995年8月,https://suumo.jp//ms/chuko/fukuoka/sc_fukuokashichuo/nc_21473933/,渡辺通,地下鉄七隈線,14,1995-08-01,31,21473933
アンピール百年橋,4190,福岡県福岡市中央区清川３,地下鉄七隈線「渡辺通」徒歩15分,70.11,3LDK,1995年8月,https://suumo.jp//ms/chuko/fukuoka/sc_fukuokashichuo/nc_21458923/,渡辺通,地下鉄七隈線,15,1995-08-01,31,21458923
アンピール百年橋,4190,福岡県福岡市中央区清川３-9-23,地下鉄七隈線「渡辺通」徒歩4分,70.11,3LDK,1995年8月,https://suumo.jp//ms/chuko/fukuoka/sc_fukuokashichuo/nc_21527134/,渡辺通,地下鉄七隈線,4,1995-08-01,31,21527134
アンピール百年橋,4190,福岡県福岡市中央区清川３,地下鉄七隈線「渡辺通」徒歩15分,70.11,3LDK,1995年8月,https://suumo.jp//ms/chuko/fukuoka/sc_fukuokashichuo/nc_21511628/,渡辺通,地下鉄七隈線,15,1995-08-01,31,21511628
アンピール百年橋,4190,福岡県福岡市中央区清川３,地下鉄七隈線「渡辺通」徒歩15分,70.11,3LDK,1995年8月,https://suumo.jp//ms/chuko/fukuoka/sc_fukuokashichuo/nc_21489300/,渡辺通,地下鉄七隈線,15,1995-08-01,31,21489300
アンピール百年橋,4190,福岡県福岡市中央区清川３-9-23,地下鉄七隈線「渡辺通」徒歩15分,70.11,3LDK,1995年8月,https://suumo.jp//ms/chuko/fukuoka/sc_fukuokashichuo/nc_21464318/,渡辺通,地下鉄七隈線,15,1995-08-01,31,21464318
リファレンス天神南,4199,福岡県福岡市中央区清川２,地下鉄七隈線「渡辺通」徒歩13分,65.32,3LDK,2002年3月,https://suumo.jp//ms/chuko/fukuoka/sc_fukuokashichuo/nc_21097447/,渡辺通,地下鉄七隈線,13,2002-03-01,24,21097447
リファレンス天神南,4199,福岡県福岡市中央区清川２-4-9,地下鉄七隈線「渡辺通」徒歩13分,65.32,3LDK,2002年3月,https://suumo.jp//ms/chuko/fukuoka/sc_fukuokashichuo/nc_20249542/,渡辺通,地下鉄七隈線,13,2002-03-01,24,20249542
リファレンス天神南,4199,福岡県福岡市中央区清川２,地下鉄七隈線「渡辺通」徒歩13分,65.32,3LDK,2002年3月,https://suumo.jp//ms/chuko/fukuoka/sc_fukuokashichuo/nc_20997466/,渡辺通,地下鉄七隈線,13,2002-03-01,24,20997466
リファレンス天神南,4199,福岡県福岡市中央区清川２,地下鉄七隈線「渡辺通」徒歩13分,65.32,3LDK,2002年3月,https://suumo.jp//ms/chuko/fukuoka/sc_fukuokashichuo/nc_20646744/,渡辺通,地下鉄七隈線,13,2002-03-01,24,20646744
モントーレ東比恵クレア【担当：鍋嶋】　までお気軽にお…,4199,福岡県福岡市博多区東比恵３,地下鉄空港線「東比恵」徒歩2分,42.77,1LDK,2019年2月,https://suumo.jp//ms/chuko/fukuoka/sc_fukuokashihakata/nc_79194902/,東比恵,地下鉄空港線,2,2019-02-01,7,79194902
リファレンス天神南,4199,福岡県福岡市中央区清川２,地下鉄七隈線「渡辺通」徒歩13分,65.32,3LDK,2002年3月,https://suumo.jp//ms/chuko/fukuoka/sc_fukuokashichuo/nc_21209107/,渡辺通,地下鉄七隈線,13,2002-03-01,24,21209107
モントーレ東比恵クレア,4199,福岡県福岡市博多区東比恵３,地下鉄空港線「東比恵」徒歩2分,42.77,1LDK,2019年2月,https://suumo.jp//ms/chuko/fukuoka/sc_fukuokashihakata/nc_20935569/,東比恵,地下鉄空港線,2,2019-02-01,7,20935569
モントーレ東比恵クレア,4199,福岡県福岡市博多区東比恵３,地下鉄空港線「東比恵」徒歩3分,42.77,1LDK,2019年2月,https://suumo.jp//ms/chuko/fukuoka/sc_fukuokashihakata/nc_20106814/,東比恵,地下鉄空港線,3,2019-02-01,7,20106814
リファレンス天神南,4199,福岡県福岡市中央区清川２,地下鉄七隈線「渡辺通」徒歩13分,65.32,3LDK,2002年3月,https://suumo.jp//ms/chuko/fukuoka/sc_fukuokashichuo/nc_20096135/,渡辺通,地下鉄七隈線,13,2002-03-01,24,20096135
朝日プラザ浄水,4199,福岡県福岡市中央区薬院４,地下鉄七隈線「薬院大通」徒歩3分,74.88,3LDK,1981年4月,https://suumo.jp//ms/chuko/fukuoka/sc_fukuokashichuo/nc_21204216/,薬院大通,地下鉄七隈線,3,1981-04-01,45,21204216
モントーレ東比恵クレア,4199,福岡県福岡市博多区東比恵３,地下鉄空港線「東比恵」徒歩3分,42.77,1LDK,2019年2月,https://suumo.jp//ms/chuko/fukuoka/sc_fukuokashihakata/nc_20590555/,東比恵,地下鉄空港線,3,2019-02-01,7,20590555
リファレンス天神南,4199,福岡県福岡市中央区清川２,地下鉄七隈線「渡辺通」徒歩12分,65.32,3LDK,2002年3月,https://suumo.jp//ms/chuko/fukuoka/sc_fukuokashichuo/nc_79226606/,渡辺通,地下鉄七隈線,12,2002-03-01,24,79226606
モントーレ東比恵クレア,4199,福岡県福岡市博多区東比恵３,地下鉄空港線「東比恵」徒歩2分,42.77,1LDK,2019年3月,https://suumo.jp//ms/chuko/fukuoka/sc_fukuokashihakata/nc_78927453/,東比恵,地下鉄空港線,2,2019-03-01,7,78927453
モントーレ東比恵クレア,4199,福岡県福岡市博多区東比恵３,地下鉄空港線「東比恵」徒歩3分,42.77,1LDK,2019年2月,https://suumo.jp//ms/chuko/fukuoka/sc_fukuokashihakata/nc_79197908/,東比恵,地下鉄空港線,3,2019-02-01,7,79197908
モントーレ東比恵クレア,4199,福岡県福岡市博多区東比恵３,地下鉄空港線「東比恵」徒歩3分,42.77,1LDK,2019年2月,https://suumo.jp//ms/chuko/fukuoka/sc_fukuokashihakata/nc_20760864/,東比恵,地下鉄空港線,3,2019-02-01,7,20760864
リファレンス天神南,4199,福岡県福岡市中央区清川２-4-9,地下鉄七隈線「渡辺通」徒歩13分,65.32,3LDK,2002年3月,https://suumo.jp//ms/chuko/fukuoka/sc_fukuokashichuo/nc_20956732/,渡辺通,地下鉄七隈線,13,2002-03-01,24,20956732
リファレンス天神南,4199,福岡県福岡市中央区清川２-4-9,地下鉄七隈線「渡辺通」徒歩13分,65.32,3LDK,2002年3月,https://suumo.jp//ms/chuko/fukuoka/sc_fukuokashichuo/nc_20660235/,渡辺通,地下鉄七隈線,13,2002-03-01,24,20660235
リファレンス天神南,4199,福岡県福岡市中央区清川２,地下鉄七隈線「渡辺通」徒歩14分,65.32,3LDK,2002年3月,https://suumo.jp//ms/chuko/fukuoka/sc_fukuokashichuo/nc_21292245/,渡辺通,地下鉄七隈線,14,2002-03-01,24,21292245
モントーレ東比恵クレア,4199,福岡県福岡市博多区東比恵３-19-10,地下鉄空港線「東比恵」徒歩2分,42.77,1LDK,2019年3月,https://suumo.jp//ms/chuko/fukuoka/sc_fukuokashihakata/nc_20956730/,東比恵,地下鉄空港線,2,2019-03-01,7,20956730
リファレンス天神南,4199,福岡県福岡市中央区清川２,地下鉄七隈線「渡辺通」徒歩13分,65.32,3LDK,2002年3月,https://suumo.jp//ms/chuko/fukuoka/sc_fukuokashichuo/nc_20033456/,渡辺通,地下鉄七隈線,13,2002-03-01,24,20033456
リファレンス天神南,4199,福岡県福岡市中央区清川２-4-9,地下鉄七隈線「渡辺通」徒歩13分,65.32,3LDK,2002年3月,https://suumo.jp//ms/chuko/fukuoka/sc_fukuokashichuo/nc_20213313/,渡辺通,地下鉄七隈線,13,2002-03-01,24,20213313
モントーレ東比恵クレア,4199,福岡県福岡市博多区東比恵３,地下鉄空港線「東比恵」徒歩3分,42.77,1LDK+S（納戸）,2019年2月,https://suumo.jp//ms/chuko/fukuoka/sc_fukuokashihakata/nc_20006864/,東比恵,地下鉄空港線,3,2019-02-01,7,20006864
ネオグランデ六本松ヒルズ,4200,福岡県福岡市中央区六本松３-11-12,地下鉄七隈線「六本松」徒歩6分,78.14,3LDK,1999年9月,https://suumo.jp//ms/chuko/fukuoka/sc_fukuokashichuo/nc_78147889/,六本松,地下鉄七隈線,6,1999-09-01,27,78147889
ロマネスク奈良屋,4200,福岡県福岡市博多区須崎町,地下鉄空港線「中洲川端」徒歩6分,50.06,1LDK,1982年10月,https://suumo.jp//ms/chuko/fukuoka/sc_fukuokashihakata/nc_21022649/,中洲川端,地下鉄空港線,6,1982-10-01,44,21022649
オープンレジデンシア大濠公園,4250,福岡県福岡市中央区大手門２,地下鉄空港線「大濠公園」徒歩5分,34.78,1LDK,2023年4月,https://suumo.jp//ms/chuko/fukuoka/sc_fukuokashichuo/nc_20576519/,大濠公園,地下鉄空港線,5,2023-04-01,3,20576519
アートウィル赤坂,4280,福岡県福岡市中央区赤坂３,地下鉄七隈線「桜坂」徒歩9分,65.61,3LDK,1994年10月,https://suumo.jp//ms/chuko/fukuoka/sc_fukuokashichuo/nc_79112729/,桜坂,地下鉄七隈線,9,1994-10-01,32,79112729
ダイナコートエスパシオ舞鶴,4280,福岡県福岡市中央区舞鶴２,地下鉄空港線「赤坂」徒歩6分,52.92,2LDK,1996年11月,https://suumo.jp//ms/chuko/fukuoka/sc_fukuokashichuo/nc_20152977/,赤坂,地下鉄空港線,6,1996-11-01,30,20152977
アクロス六本松ラ・クラス,4280,福岡県福岡市中央区梅光園１,地下鉄七隈線「六本松」徒歩4分,32.88,1LDK,2025年12月,https://suumo.jp//ms/chuko/fukuoka/sc_fukuokashichuo/nc_21433282/,六本松,地下鉄七隈線,4,2025-12-01,1,21433282
ハイツ大手門,4298,福岡県福岡市中央区大手門２,地下鉄空港線「大濠公園」徒歩5分,67.63,3LDK,1982年5月,https://suumo.jp//ms/chuko/fukuoka/sc_fukuokashichuo/nc_21147524/,大濠公園,地下鉄空港線,5,1982-05-01,44,21147524
藤崎ロジュマン,4350,福岡県福岡市早良区昭代３,地下鉄空港線「藤崎」徒歩11分,82.76,4LDK,1988年3月,https://suumo.jp//ms/chuko/fukuoka/sc_fukuokashisawara/nc_79053877/,藤崎,地下鉄空港線,11,1988-03-01,38,79053877
藤崎ロジュマン,4350,福岡県福岡市早良区昭代３,地下鉄空港線「藤崎」徒歩10分,82.76,4LDK,1988年3月,https://suumo.jp//ms/chuko/fukuoka/sc_fukuokashisawara/nc_78457540/,藤崎,地下鉄空港線,10,1988-03-01,38,78457540
藤崎ロジュマン,4350,福岡県福岡市早良区昭代３,地下鉄空港線「藤崎」徒歩11分,82.76,4LDK,1988年3月,https://suumo.jp//ms/chuko/fukuoka/sc_fukuokashisawara/nc_21283560/,藤崎,地下鉄空港線,11,1988-03-01,38,21283560
藤崎ロジュマン,4350,福岡県福岡市早良区昭代３,地下鉄空港線「藤崎」徒歩12分,82.76,4LDK,1988年3月,https://suumo.jp//ms/chuko/fukuoka/sc_fukuokashisawara/nc_21090386/,藤崎,地下鉄空港線,12,1988-03-01,38,21090386
藤崎ロジュマン,4350,福岡県福岡市早良区昭代３,地下鉄空港線「藤崎」徒歩10分,82.76,4LDK,1988年3月,https://suumo.jp//ms/chuko/fukuoka/sc_fukuokashisawara/nc_20248803/,藤崎,地下鉄空港線,10,1988-03-01,38,20248803
藤崎ロジュマン,4350,福岡県福岡市早良区昭代３,地下鉄空港線「藤崎」徒歩12分,82.76,4LDK,1988年3月,https://suumo.jp//ms/chuko/fukuoka/sc_fukuokashisawara/nc_21008385/,藤崎,地下鉄空港線,12,1988-03-01,38,21008385
藤崎ロジュマン,4350,福岡県福岡市早良区昭代３-9-5,地下鉄空港線「藤崎」徒歩10分,82.76,4LDK,1988年3月,https://suumo.jp//ms/chuko/fukuoka/sc_fukuokashisawara/nc_78392749/,藤崎,地下鉄空港線,10,1988-03-01,38,78392749
オープンレジデンシア薬院二丁目,4350,福岡県福岡市中央区薬院２,西鉄天神大牟田線「薬院」徒歩9分,34.21,1LDK,2023年1月,https://suumo.jp//ms/chuko/fukuoka/sc_fukuokashichuo/nc_20642323/,薬院,西鉄天神大牟田線,9,2023-01-01,3,20642323
藤崎ロジュマン,4350,福岡県福岡市早良区昭代３-9-5,地下鉄空港線「藤崎」徒歩11分,82.76,4LDK,1988年3月,https://suumo.jp//ms/chuko/fukuoka/sc_fukuokashisawara/nc_21486584/,藤崎,地下鉄空港線,11,1988-03-01,38,21486584
ブラントン薬院,4350,福岡県福岡市中央区薬院３,西鉄天神大牟田線「薬院」徒歩3分,34.31,1LDK,2023年1月,https://suumo.jp//ms/chuko/fukuoka/sc_fukuokashichuo/nc_21245602/,薬院,西鉄天神大牟田線,3,2023-01-01,3,21245602
藤崎ロジュマン,4350,福岡県福岡市早良区昭代３-9-5,地下鉄空港線「藤崎」徒歩10分,82.76,4LDK,1988年3月,https://suumo.jp//ms/chuko/fukuoka/sc_fukuokashisawara/nc_21463466/,藤崎,地下鉄空港線,10,1988-03-01,38,21463466
南薬院パークマンション,4380,福岡県福岡市中央区薬院２,地下鉄七隈線「薬院大通」徒歩5分,71.5,3LDK,1985年5月,https://suumo.jp//ms/chuko/fukuoka/sc_fukuokashichuo/nc_21381755/,薬院大通,地下鉄七隈線,5,1985-05-01,41,21381755
南薬院パークマンション,4380,福岡県福岡市中央区薬院２,地下鉄七隈線「薬院大通」徒歩4分,71.5,3LDK,1985年5月,https://suumo.jp//ms/chuko/fukuoka/sc_fukuokashichuo/nc_21395422/,薬院大通,地下鉄七隈線,4,1985-05-01,41,21395422
ニューライフ西公園,4380,福岡県福岡市中央区荒戸３,地下鉄空港線「唐人町」徒歩10分,87.56,3LDK,1982年3月,https://suumo.jp//ms/chuko/fukuoka/sc_fukuokashichuo/nc_21458221/,唐人町,地下鉄空港線,10,1982-03-01,44,21458221
アンピール別府Ⅱ,4380,福岡県福岡市城南区別府３,地下鉄七隈線「別府」徒歩3分,66.29,3LDK,1993年8月,https://suumo.jp//ms/chuko/fukuoka/sc_fukuokashijonan/nc_20451509/,別府,地下鉄七隈線,3,1993-08-01,33,20451509
ロイヤルマンション西新,4399,福岡県福岡市早良区祖原,地下鉄空港線「西新」徒歩8分,84.48,4LDK,1987年11月,https://suumo.jp//ms/chuko/fukuoka/sc_fukuokashisawara/nc_21205834/,西新,地下鉄空港線,8,1987-11-01,39,21205834
ロイヤルマンション西新,4399,福岡県福岡市早良区祖原,地下鉄空港線「西新」徒歩11分,84.48,4LDK,1987年11月,https://suumo.jp//ms/chuko/fukuoka/sc_fukuokashisawara/nc_21283174/,西新,地下鉄空港線,11,1987-11-01,39,21283174
ロイヤルマンション西新,4399,福岡県福岡市早良区祖原23-20,地下鉄空港線「西新」徒歩12分,84.48,4LDK,1987年11月,https://suumo.jp//ms/chuko/fukuoka/sc_fukuokashisawara/nc_21242564/,西新,地下鉄空港線,12,1987-11-01,39,21242564
ロイヤルマンション西新,4399,福岡県福岡市早良区祖原,地下鉄空港線「西新」徒歩9分,84.48,4LDK,1987年11月,https://suumo.jp//ms/chuko/fukuoka/sc_fukuokashisawara/nc_20596774/,西新,地下鉄空港線,9,1987-11-01,39,20596774
ロイヤルマンション西新,4399,福岡県福岡市早良区祖原,地下鉄空港線「西新」徒歩8分,84.48,4LDK,1987年11月,https://suumo.jp//ms/chuko/fukuoka/sc_fukuokashisawara/nc_20544576/,西新,地下鉄空港線,8,1987-11-01,39,20544576
◆☆ ロイヤルマンション西新☆◆,4399,福岡県福岡市早良区祖原,地下鉄空港線「西新」徒歩8分,84.48,4LDK,1987年11月,https://suumo.jp//ms/chuko/fukuoka/sc_fukuokashisawara/nc_20854622/,西新,地下鉄空港線,8,1987-11-01,39,20854622
ロイヤルマンション西新,4399,福岡県福岡市早良区祖原23-20,地下鉄空港線「西新」徒歩8分,84.48,4LDK,1987年11月,https://suumo.jp//ms/chuko/fukuoka/sc_fukuokashisawara/nc_20547639/,西新,地下鉄空港線,8,1987-11-01,39,20547639
ロイヤルマンション西新,4399,福岡県福岡市早良区祖原23-20,地下鉄空港線「西新」徒歩12分,84.48,4LDK,1987年11月,https://suumo.jp//ms/chuko/fukuoka/sc_fukuokashisawara/nc_21410487/,西新,地下鉄空港線,12,1987-11-01,39,21410487
ロイヤルマンション西新,4399,福岡県福岡市早良区祖原,地下鉄空港線「西新」徒歩10分,84.48,4LDK,1987年11月,https://suumo.jp//ms/chuko/fukuoka/sc_fukuokashisawara/nc_21097448/,西新,地下鉄空港線,10,1987-11-01,39,21097448
ロイヤルマンション西新,4399,福岡県福岡市早良区祖原,地下鉄空港線「西新」徒歩10分,84.48,4LDK,1987年11月,https://suumo.jp//ms/chuko/fukuoka/sc_fukuokashisawara/nc_20798870/,西新,地下鉄空港線,10,1987-11-01,39,20798870
エクセルハイツ大濠第２,4399,福岡県福岡市中央区今川１,地下鉄空港線「唐人町」徒歩6分,73.56,3LDK,1983年2月,https://suumo.jp//ms/chuko/fukuoka/sc_fukuokashichuo/nc_21389732/,唐人町,地下鉄空港線,6,1983-02-01,43,21389732
ロイヤルマンション西新,4399,福岡県福岡市早良区祖原,地下鉄空港線「西新」徒歩11分,84.48,ワンルーム,1987年11月,https://suumo.jp//ms/chuko/fukuoka/sc_fukuokashisawara/nc_21197491/,西新,地下鉄空港線,11,1987-11-01,39,21197491
ロイヤルマンション西新,4399,福岡県福岡市早良区祖原,地下鉄空港線「西新」徒歩12分,84.48,4LDK,1987年11月,https://suumo.jp//ms/chuko/fukuoka/sc_fukuokashisawara/nc_20846078/,西新,地下鉄空港線,12,1987-11-01,39,20846078
オープンレジデンシア博多空港通り(未入居),4448,福岡県福岡市博多区東光２-6-12,ＪＲ篠栗線「博多」徒歩12分,48.97,2LDK,2024年8月,https://suumo.jp//ms/chuko/fukuoka/sc_fukuokashihakata/nc_78334003/,博多,ＪＲ篠栗線,12,2024-08-01,2,78334003
オープンレジデンシア博多空港通り,4448,福岡県福岡市博多区東光２-6-12,ＪＲ鹿児島本線「博多」徒歩9分,48.97,2LDK,2024年9月,https://suumo.jp//ms/chuko/fukuoka/sc_fukuokashihakata/nc_77878615/,博多,ＪＲ鹿児島本線,9,2024-09-01,2,77878615
ペルル奈良屋,4480,福岡県福岡市博多区奈良屋町,地下鉄空港線「中洲川端」徒歩10分,60.2,2LDK,1999年8月,https://suumo.jp//ms/chuko/fukuoka/sc_fukuokashihakata/nc_21482232/,中洲川端,地下鉄空港線,10,1999-08-01,27,21482232
南薬院パーク・マンション,4480,福岡県福岡市中央区薬院２-12-3,地下鉄七隈線「薬院大通」徒歩5分,72.08,3LDK,1985年5月,https://suumo.jp//ms/chuko/fukuoka/sc_fukuokashichuo/nc_21270731/,薬院大通,地下鉄七隈線,5,1985-05-01,41,21270731
アンピール天神東,4480,福岡県福岡市中央区春吉２,地下鉄七隈線「天神南」徒歩9分,59.67,2LDK,2004年2月,https://suumo.jp//ms/chuko/fukuoka/sc_fukuokashichuo/nc_21328629/,天神南,地下鉄七隈線,9,2004-02-01,22,21328629
エグゼ博多コンドミニアム,4480,福岡県福岡市博多区博多駅前１,地下鉄空港線「祇園」徒歩3分,42.04,1LDK,2015年2月,https://suumo.jp//ms/chuko/fukuoka/sc_fukuokashihakata/nc_21296020/,祇園,地下鉄空港線,3,2015-02-01,11,21296020
シヤトレ高取,4480,福岡県福岡市早良区高取１,地下鉄空港線「藤崎」徒歩4分,58.74,2LDK,1992年2月,https://suumo.jp//ms/chuko/fukuoka/sc_fukuokashisawara/nc_21312240/,藤崎,地下鉄空港線,4,1992-02-01,34,21312240
南薬院パークマンション,4480,福岡県福岡市中央区薬院２,地下鉄七隈線「薬院大通」徒歩6分,72.08,3LDK,1985年5月,https://suumo.jp//ms/chuko/fukuoka/sc_fukuokashichuo/nc_21472976/,薬院大通,地下鉄七隈線,6,1985-05-01,41,21472976
南薬院パークマンション,4480,福岡県福岡市中央区薬院２,地下鉄七隈線「薬院大通」徒歩4分,72.08,3LDK,1985年5月,https://suumo.jp//ms/chuko/fukuoka/sc_fukuokashichuo/nc_21127815/,薬院大通,地下鉄七隈線,4,1985-05-01,41,21127815
南薬院パークマンション,4480,福岡県福岡市中央区薬院２-12-3,地下鉄七隈線「薬院大通」徒歩4分,72.08,3LDK,1985年5月,https://suumo.jp//ms/chuko/fukuoka/sc_fukuokashichuo/nc_20739587/,薬院大通,地下鉄七隈線,4,1985-05-01,41,20739587
南薬院パークマンション,4480,福岡県福岡市中央区薬院２,地下鉄七隈線「薬院大通」徒歩4分,72.08,3LDK,1985年5月,https://suumo.jp//ms/chuko/fukuoka/sc_fukuokashichuo/nc_21364544/,薬院大通,地下鉄七隈線,4,1985-05-01,41,21364544
平尾フェニックスマンション,4480,福岡県福岡市中央区平尾１,西鉄天神大牟田線「薬院」徒歩6分,61.29,3LDK,1991年10月,https://suumo.jp//ms/chuko/fukuoka/sc_fukuokashichuo/nc_20577801/,薬院,西鉄天神大牟田線,6,1991-10-01,35,20577801
トーカンマンション大濠公園駅前,4480,福岡県福岡市中央区大手門３,地下鉄空港線「大濠公園」徒歩3分,63.68,3LDK,1981年10月,https://suumo.jp//ms/chuko/fukuoka/sc_fukuokashichuo/nc_21477384/,大濠公園,地下鉄空港線,3,1981-10-01,45,21477384
サーパス原一丁目,4480,福岡県福岡市早良区原１,地下鉄空港線「藤崎」徒歩14分,74.41,3LDK,2008年4月,https://suumo.jp//ms/chuko/fukuoka/sc_fukuokashisawara/nc_21452699/,藤崎,地下鉄空港線,14,2008-04-01,18,21452699
ライオンズマンション高砂,4480,福岡県福岡市中央区高砂１,地下鉄七隈線「渡辺通」徒歩8分,81.16,2LDK,1978年11月,https://suumo.jp//ms/chuko/fukuoka/sc_fukuokashichuo/nc_21235250/,渡辺通,地下鉄七隈線,8,1978-11-01,48,21235250
南薬院パーク・マンション,4480,福岡県福岡市中央区薬院２-12-3,地下鉄七隈線「薬院大通」徒歩6分,72.08,3LDK,1985年5月,https://suumo.jp//ms/chuko/fukuoka/sc_fukuokashichuo/nc_21078649/,薬院大通,地下鉄七隈線,6,1985-05-01,41,21078649
アーバンパレス大濠,4490,福岡県福岡市中央区荒戸２,地下鉄空港線「大濠公園」徒歩4分,53.88,2DK,1992年6月,https://suumo.jp//ms/chuko/fukuoka/sc_fukuokashichuo/nc_21187898/,大濠公園,地下鉄空港線,4,1992-06-01,34,21187898
オリエントハイツ別府,4490,福岡県福岡市城南区別府１,地下鉄七隈線「別府」徒歩1分,84.0,3LDK,1990年5月,https://suumo.jp//ms/chuko/fukuoka/sc_fukuokashijonan/nc_20199429/,別府,地下鉄七隈線,1,1990-05-01,36,20199429
アートウィル赤坂,4490,福岡県福岡市中央区赤坂３-2-35,地下鉄七隈線「桜坂」徒歩11分,65.61,2LDK,1995年10月,https://suumo.jp//ms/chuko/fukuoka/sc_fukuokashichuo/nc_21450341/,桜坂,地下鉄七隈線,11,1995-10-01,31,21450341
パーク・サンリヤン博多の森Ⅰ・Ⅱ番館,4490,福岡県糟屋郡志免町別府西２,地下鉄空港線「福岡空港」徒歩10分,96.27,4LDK,2003年3月,https://suumo.jp//ms/chuko/fukuoka/sc_kasuyagunshime/nc_21414595/,福岡空港,地下鉄空港線,10,2003-03-01,23,21414595
クリオ渡辺通アーバンマークス,4498,福岡県福岡市中央区清川２,地下鉄七隈線「渡辺通」徒歩10分,44.58,2LDK,2023年2月,https://suumo.jp//ms/chuko/fukuoka/sc_fukuokashichuo/nc_21530274/,渡辺通,地下鉄七隈線,10,2023-02-01,3,21530274
アルファライフ博多,4499,福岡県福岡市博多区住吉５,ＪＲ鹿児島本線「博多」徒歩14分,53.04,1LDK,2011年3月,https://suumo.jp//ms/chuko/fukuoka/sc_fukuokashihakata/nc_21086949/,博多,ＪＲ鹿児島本線,14,2011-03-01,15,21086949
アルファライフ博多,4499,福岡県福岡市博多区住吉５,ＪＲ鹿児島本線「博多」徒歩13分,53.04,1LDK,2011年3月,https://suumo.jp//ms/chuko/fukuoka/sc_fukuokashihakata/nc_20823573/,博多,ＪＲ鹿児島本線,13,2011-03-01,15,20823573
アルファライフ博多,4499,福岡県福岡市博多区住吉５,地下鉄七隈線「博多」徒歩13分,53.04,1LDK,2011年3月,https://suumo.jp//ms/chuko/fukuoka/sc_fukuokashihakata/nc_20155224/,博多,地下鉄七隈線,13,2011-03-01,15,20155224
アルファライフ博多,4499,福岡県福岡市博多区住吉５-5-22,ＪＲ鹿児島本線「博多」徒歩12分,53.04,1LDK,2011年3月,https://suumo.jp//ms/chuko/fukuoka/sc_fukuokashihakata/nc_20554532/,博多,ＪＲ鹿児島本線,12,2011-03-01,15,20554532
アルファライフ博多,4499,福岡県福岡市博多区住吉５,ＪＲ鹿児島本線「博多」徒歩14分,53.04,1LDK,2011年3月,https://suumo.jp//ms/chuko/fukuoka/sc_fukuokashihakata/nc_20477044/,博多,ＪＲ鹿児島本線,14,2011-03-01,15,20477044
アルファライフ博多,4499,福岡県福岡市博多区住吉５,ＪＲ鹿児島本線「博多」徒歩14分,53.04,1LDK,2011年3月,https://suumo.jp//ms/chuko/fukuoka/sc_fukuokashihakata/nc_20875883/,博多,ＪＲ鹿児島本線,14,2011-03-01,15,20875883
アルファライフ博多,4499,福岡県福岡市博多区住吉５-5-22,ＪＲ篠栗線「博多」徒歩14分,53.04,1LDK,2011年3月,https://suumo.jp//ms/chuko/fukuoka/sc_fukuokashihakata/nc_20163293/,博多,ＪＲ篠栗線,14,2011-03-01,15,20163293
アルファライフ博多プレシャス,4499,福岡県福岡市博多区住吉５,地下鉄七隈線「博多」徒歩15分,53.04,1LDK,2011年3月,https://suumo.jp//ms/chuko/fukuoka/sc_fukuokashihakata/nc_20590548/,博多,地下鉄七隈線,15,2011-03-01,15,20590548
アルファライフ博多プレシャス,4499,福岡県福岡市博多区住吉５-5-22,ＪＲ鹿児島本線「博多」徒歩14分,53.04,1LDK,2011年3月,https://suumo.jp//ms/chuko/fukuoka/sc_fukuokashihakata/nc_20956727/,博多,ＪＲ鹿児島本線,14,2011-03-01,15,20956727
アルファライフ博多プレシャス,4499,福岡県福岡市博多区住吉５,ＪＲ篠栗線「博多」徒歩14分,53.04,1LDK,2011年3月,https://suumo.jp//ms/chuko/fukuoka/sc_fukuokashihakata/nc_21468214/,博多,ＪＲ篠栗線,14,2011-03-01,15,21468214
アルファライフ博多,4499,福岡県福岡市博多区住吉５,地下鉄空港線「博多」徒歩13分,53.04,1LDK,2011年3月,https://suumo.jp//ms/chuko/fukuoka/sc_fukuokashihakata/nc_20997471/,博多,地下鉄空港線,13,2011-03-01,15,20997471
アルファライフ博多,4499,福岡県福岡市博多区住吉５,ＪＲ鹿児島本線「博多」徒歩14分,53.04,1LDK,2011年3月,https://suumo.jp//ms/chuko/fukuoka/sc_fukuokashihakata/nc_79167310/,博多,ＪＲ鹿児島本線,14,2011-03-01,15,79167310
アルファライフ博多,4499,福岡県福岡市博多区住吉５-5-22,ＪＲ鹿児島本線「博多」徒歩14分,53.04,1LDK,2011年3月,https://suumo.jp//ms/chuko/fukuoka/sc_fukuokashihakata/nc_20201860/,博多,ＪＲ鹿児島本線,14,2011-03-01,15,20201860
スコーレ赤坂,4500,福岡県福岡市中央区赤坂１,地下鉄空港線「赤坂」徒歩1分,74.92,2LDK,1982年4月,https://suumo.jp//ms/chuko/fukuoka/sc_fukuokashichuo/nc_20948701/,赤坂,地下鉄空港線,1,1982-04-01,44,20948701
西公園ツインタワー,4530,福岡県福岡市中央区荒戸２,地下鉄空港線「大濠公園」徒歩7分,83.05,3LDK,1990年1月,https://suumo.jp//ms/chuko/fukuoka/sc_fukuokashichuo/nc_20052926/,大濠公園,地下鉄空港線,7,1990-01-01,36,20052926
西公園ツインタワー,4530,福岡県福岡市中央区荒戸２,地下鉄空港線「大濠公園」徒歩8分,83.05,3LDK,1990年1月,https://suumo.jp//ms/chuko/fukuoka/sc_fukuokashichuo/nc_20650003/,大濠公園,地下鉄空港線,8,1990-01-01,36,20650003
アーバンパレスラガール城南,4580,福岡県福岡市城南区別府４,地下鉄七隈線「別府」徒歩6分,74.43,3LDK,2005年2月,https://suumo.jp//ms/chuko/fukuoka/sc_fukuokashijonan/nc_21473111/,別府,地下鉄七隈線,6,2005-02-01,21,21473111
シャンボール高取,4580,福岡県福岡市早良区高取２,地下鉄空港線「藤崎」徒歩6分,85.9,3LDK+S（納戸）,1980年9月,https://suumo.jp//ms/chuko/fukuoka/sc_fukuokashisawara/nc_20841612/,藤崎,地下鉄空港線,6,1980-09-01,46,20841612
アルデ別府,4580,福岡県福岡市城南区別府１-16-28,地下鉄七隈線「別府」徒歩3分,112.19,3LDK,2006年1月,https://suumo.jp//ms/chuko/fukuoka/sc_fukuokashijonan/nc_21260915/,別府,地下鉄七隈線,3,2006-01-01,20,21260915
アートウィル赤坂,4580,福岡県福岡市中央区赤坂３,地下鉄七隈線「桜坂」徒歩9分,65.61,2LDK,1994年10月,https://suumo.jp//ms/chuko/fukuoka/sc_fukuokashichuo/nc_20964533/,桜坂,地下鉄七隈線,9,1994-10-01,32,20964533
アルデ別府,4580,福岡県福岡市城南区別府１,地下鉄七隈線「別府」徒歩4分,112.19,3LDK,2006年1月,https://suumo.jp//ms/chuko/fukuoka/sc_fukuokashijonan/nc_21383416/,別府,地下鉄七隈線,4,2006-01-01,20,21383416
渡辺通カステリア,4580,福岡県福岡市中央区渡辺通２,地下鉄七隈線「薬院」徒歩4分,69.76,3LDK,1980年4月,https://suumo.jp//ms/chuko/fukuoka/sc_fukuokashichuo/nc_21365550/,薬院,地下鉄七隈線,4,1980-04-01,46,21365550
ライオンズマンション大濠第二,4580,福岡県福岡市中央区黒門,地下鉄空港線「唐人町」徒歩3分,72.5,3LDK,1983年2月,https://suumo.jp//ms/chuko/fukuoka/sc_fukuokashichuo/nc_20623163/,唐人町,地下鉄空港線,3,1983-02-01,43,20623163
ティアラ薬院,4580,福岡県福岡市中央区薬院２,地下鉄七隈線「薬院大通」徒歩3分,87.4,2LDK,1991年12月,https://suumo.jp//ms/chuko/fukuoka/sc_fukuokashichuo/nc_74671558/,薬院大通,地下鉄七隈線,3,1991-12-01,35,74671558
コーポ大濠,4580,福岡県福岡市中央区荒戸１,地下鉄空港線「大濠公園」徒歩2分,149.22,3LDK,1985年3月,https://suumo.jp//ms/chuko/fukuoka/sc_fukuokashichuo/nc_21149220/,大濠公園,地下鉄空港線,2,1985-03-01,41,21149220
サヴォイ　ザ・リバーテラス,4599,福岡県福岡市博多区中洲中島町,地下鉄箱崎線「中洲川端」徒歩6分,49.89,2LDK,2006年2月,https://suumo.jp//ms/chuko/fukuoka/sc_fukuokashihakata/nc_20926892/,中洲川端,地下鉄箱崎線,6,2006-02-01,20,20926892
サヴォイ ザ・リバーテラス,4599,福岡県福岡市博多区中洲中島町3-20,地下鉄箱崎線「中洲川端」徒歩5分,49.89,2LDK,2006年2月,https://suumo.jp//ms/chuko/fukuoka/sc_fukuokashihakata/nc_20956215/,中洲川端,地下鉄箱崎線,5,2006-02-01,20,20956215
アルファライフ博多,4599,福岡県福岡市博多区住吉５-5-22,地下鉄七隈線「博多」徒歩13分,53.04,1LDK,2011年3月,https://suumo.jp//ms/chuko/fukuoka/sc_fukuokashihakata/nc_20886121/,博多,地下鉄七隈線,13,2011-03-01,15,20886121
サヴォイ　ザ・リバーテラス,4599,福岡県福岡市博多区中洲中島町,地下鉄空港線「天神」徒歩10分,49.89,2LDK,2006年2月,https://suumo.jp//ms/chuko/fukuoka/sc_fukuokashihakata/nc_21079958/,天神,地下鉄空港線,10,2006-02-01,20,21079958
アルファライフ博多,4599,福岡県福岡市博多区住吉５,ＪＲ鹿児島本線「博多」徒歩14分,53.04,1LDK,2011年3月,https://suumo.jp//ms/chuko/fukuoka/sc_fukuokashihakata/nc_20564572/,博多,ＪＲ鹿児島本線,14,2011-03-01,15,20564572
アルファライフ博多,4599,福岡県福岡市博多区住吉５-5-22,ＪＲ篠栗線「博多」徒歩14分,53.04,1LDK,2011年3月,https://suumo.jp//ms/chuko/fukuoka/sc_fukuokashihakata/nc_21511557/,博多,ＪＲ篠栗線,14,2011-03-01,15,21511557
サヴォイ　ザ・リバーテラス,4599,福岡県福岡市博多区中洲中島町3-20,地下鉄空港線「中洲川端」徒歩8分,49.89,2LDK,2006年2月,https://suumo.jp//ms/chuko/fukuoka/sc_fukuokashihakata/nc_20966490/,中洲川端,地下鉄空港線,8,2006-02-01,20,20966490
サヴォイ　ザ・リバーテラス,4599,福岡県福岡市博多区中洲中島町3-20,地下鉄空港線「中洲川端」徒歩9分,49.89,2LDK,2006年2月,https://suumo.jp//ms/chuko/fukuoka/sc_fukuokashihakata/nc_21438815/,中洲川端,地下鉄空港線,9,2006-02-01,20,21438815
アルファライフ博多,4599,福岡県福岡市博多区住吉５,地下鉄空港線「博多」徒歩13分,53.04,1LDK,2011年3月,https://suumo.jp//ms/chuko/fukuoka/sc_fukuokashihakata/nc_20997475/,博多,地下鉄空港線,13,2011-03-01,15,20997475
サヴォイ　ザ・リバーテラス,4599,福岡県福岡市博多区中洲中島町,地下鉄空港線「中洲川端」徒歩5分,49.89,2LDK,2006年2月,https://suumo.jp//ms/chuko/fukuoka/sc_fukuokashihakata/nc_20995622/,中洲川端,地下鉄空港線,5,2006-02-01,20,20995622
サヴォイ　ザ・リバーテラス,4599,福岡県福岡市博多区中洲中島町,地下鉄空港線「中洲川端」徒歩5分,49.89,2LDK,2006年2月,https://suumo.jp//ms/chuko/fukuoka/sc_fukuokashihakata/nc_21456309/,中洲川端,地下鉄空港線,5,2006-02-01,20,21456309
アルファライフ博多,4599,福岡県福岡市博多区住吉５,ＪＲ鹿児島本線「博多」徒歩13分,53.04,1LDK,2011年3月,https://suumo.jp//ms/chuko/fukuoka/sc_fukuokashihakata/nc_20610221/,博多,ＪＲ鹿児島本線,13,2011-03-01,15,20610221
サヴォィ　ザ・リバーテラス,4599,福岡県福岡市博多区中洲中島町3-20,地下鉄空港線「中洲川端」徒歩6分,49.89,2LDK,2006年2月,https://suumo.jp//ms/chuko/fukuoka/sc_fukuokashihakata/nc_21268015/,中洲川端,地下鉄空港線,6,2006-02-01,20,21268015
アルファライフ博多プレシャス,4599,福岡県福岡市博多区住吉５,地下鉄七隈線「博多」徒歩15分,53.04,1LDK,2011年3月,https://suumo.jp//ms/chuko/fukuoka/sc_fukuokashihakata/nc_21209105/,博多,地下鉄七隈線,15,2011-03-01,15,21209105
ロマネスク六本松第２　Ａ棟,4680,福岡県福岡市中央区谷１,地下鉄七隈線「六本松」徒歩4分,78.12,3LDK,1987年8月,https://suumo.jp//ms/chuko/fukuoka/sc_fukuokashichuo/nc_21029230/,六本松,地下鉄七隈線,4,1987-08-01,39,21029230
東急ドエル・アルス博多・古門戸町,4690,福岡県福岡市博多区古門戸町,地下鉄箱崎線「中洲川端」徒歩6分,55.39,2LDK,1997年2月,https://suumo.jp//ms/chuko/fukuoka/sc_fukuokashihakata/nc_20667143/,中洲川端,地下鉄箱崎線,6,1997-02-01,29,20667143
◆☆ウェルリバービュー天神☆◆,4800,福岡県福岡市博多区中洲中島町,地下鉄空港線「中洲川端」徒歩7分,55.54,2LDK,2006年3月,https://suumo.jp//ms/chuko/fukuoka/sc_fukuokashihakata/nc_21417805/,中洲川端,地下鉄空港線,7,2006-03-01,20,21417805
ウェルリバービュー天神,4800,福岡県福岡市博多区中洲中島町,地下鉄空港線「中洲川端」徒歩6分,55.54,2LDK,2006年3月,https://suumo.jp//ms/chuko/fukuoka/sc_fukuokashihakata/nc_21485294/,中洲川端,地下鉄空港線,6,2006-03-01,20,21485294
エンゼルハイム鳥飼中央,4880,福岡県福岡市中央区鳥飼１-4-43,地下鉄七隈線「別府」徒歩13分,75.68,3LDK,2001年3月,https://suumo.jp//ms/chuko/fukuoka/sc_fukuokashichuo/nc_20604902/,別府,地下鉄七隈線,13,2001-03-01,25,20604902
エンゼルハイム鳥飼中央,4880,福岡県福岡市中央区鳥飼１-4-43,地下鉄空港線「唐人町」徒歩15分,75.68,3LDK,2001年3月,https://suumo.jp//ms/chuko/fukuoka/sc_fukuokashichuo/nc_21227328/,唐人町,地下鉄空港線,15,2001-03-01,25,21227328
エステートマンション大濠グランディール,4880,福岡県福岡市中央区今川２-7-52,地下鉄空港線「唐人町」徒歩8分,68.37,3LDK,1991年3月,https://suumo.jp//ms/chuko/fukuoka/sc_fukuokashichuo/nc_21240480/,唐人町,地下鉄空港線,8,1991-03-01,35,21240480
エステートマンション大濠グランディール,4880,福岡県福岡市中央区今川２,地下鉄空港線「唐人町」徒歩8分,68.37,3LDK,1991年3月,https://suumo.jp//ms/chuko/fukuoka/sc_fukuokashichuo/nc_21322623/,唐人町,地下鉄空港線,8,1991-03-01,35,21322623
ロマネスク浄水通り,4880,福岡県福岡市中央区薬院４,地下鉄七隈線「薬院大通」徒歩5分,91.98,3LDK,1986年7月,https://suumo.jp//ms/chuko/fukuoka/sc_fukuokashichuo/nc_21120042/,薬院大通,地下鉄七隈線,5,1986-07-01,40,21120042
エンゼルハイム鳥飼中央,4880,福岡県福岡市中央区鳥飼１,地下鉄空港線「唐人町」徒歩15分,75.68,3LDK,2001年3月,https://suumo.jp//ms/chuko/fukuoka/sc_fukuokashichuo/nc_20842992/,唐人町,地下鉄空港線,15,2001-03-01,25,20842992
エンゼルハイム鳥飼中央,4880,福岡県福岡市中央区鳥飼１,地下鉄空港線「西新」徒歩15分,75.68,3LDK,2001年2月,https://suumo.jp//ms/chuko/fukuoka/sc_fukuokashichuo/nc_20896322/,西新,地下鉄空港線,15,2001-02-01,25,20896322
エンゼルハイム鳥飼中央,4880,福岡県福岡市中央区鳥飼１,地下鉄七隈線「別府」徒歩13分,75.68,2LDK+S（納戸）,2001年3月,https://suumo.jp//ms/chuko/fukuoka/sc_fukuokashichuo/nc_21237185/,別府,地下鉄七隈線,13,2001-03-01,25,21237185
アーバンパレスアクス大濠Ⅱ,4890,福岡県福岡市中央区荒戸３-3-15,地下鉄空港線「唐人町」徒歩5分,74.2,3LDK,1999年3月,https://suumo.jp//ms/chuko/fukuoka/sc_fukuokashichuo/nc_76431436/,唐人町,地下鉄空港線,5,1999-03-01,27,76431436
ソレイユ赤坂南,4898,福岡県福岡市中央区六本松３,地下鉄七隈線「桜坂」徒歩6分,75.03,3LDK,1989年10月,https://suumo.jp//ms/chuko/fukuoka/sc_fukuokashichuo/nc_20896320/,桜坂,地下鉄七隈線,6,1989-10-01,37,20896320
ソレイユ赤坂南,4898,福岡県福岡市中央区六本松３,地下鉄七隈線「桜坂」徒歩7分,75.03,3LDK,1989年10月,https://suumo.jp//ms/chuko/fukuoka/sc_fukuokashichuo/nc_20975360/,桜坂,地下鉄七隈線,7,1989-10-01,37,20975360
ソレイユ赤坂南,4898,福岡県福岡市中央区六本松３-5-35,地下鉄七隈線「桜坂」徒歩7分,75.03,3LDK,1989年10月,https://suumo.jp//ms/chuko/fukuoka/sc_fukuokashichuo/nc_21227155/,桜坂,地下鉄七隈線,7,1989-10-01,37,21227155
ソレイユ赤坂南,4898,福岡県福岡市中央区六本松３,地下鉄七隈線「桜坂」徒歩6分,75.03,3LDK,1989年10月,https://suumo.jp//ms/chuko/fukuoka/sc_fukuokashichuo/nc_21230346/,桜坂,地下鉄七隈線,6,1989-10-01,37,21230346
ソレイユ赤坂南,4898,福岡県福岡市中央区六本松３-5-35,地下鉄七隈線「桜坂」徒歩7分,75.03,3LDK,1989年10月,https://suumo.jp//ms/chuko/fukuoka/sc_fukuokashichuo/nc_20631173/,桜坂,地下鉄七隈線,7,1989-10-01,37,20631173
ソレイユ赤坂南,4898,福岡県福岡市中央区六本松３,地下鉄七隈線「桜坂」徒歩6分,75.03,3LDK,1989年10月,https://suumo.jp//ms/chuko/fukuoka/sc_fukuokashichuo/nc_21187884/,桜坂,地下鉄七隈線,6,1989-10-01,37,21187884
ソレイユ赤坂南,4898,福岡県福岡市中央区六本松３,地下鉄七隈線「桜坂」徒歩7分,75.03,3LDK,1989年10月,https://suumo.jp//ms/chuko/fukuoka/sc_fukuokashichuo/nc_20932015/,桜坂,地下鉄七隈線,7,1989-10-01,37,20932015
ソレイユ赤坂南,4898,福岡県福岡市中央区六本松３,地下鉄七隈線「桜坂」徒歩7分,75.03,3LDK,1989年10月,https://suumo.jp//ms/chuko/fukuoka/sc_fukuokashichuo/nc_21454848/,桜坂,地下鉄七隈線,7,1989-10-01,37,21454848
サーパス桜坂,4900,福岡県福岡市中央区桜坂３,地下鉄七隈線「桜坂」徒歩5分,71.63,3LDK,2000年6月,https://suumo.jp//ms/chuko/fukuoka/sc_fukuokashichuo/nc_20031460/,桜坂,地下鉄七隈線,5,2000-06-01,26,20031460
オープンレジデンシア天神今泉,4900,福岡県福岡市中央区今泉２,地下鉄七隈線「薬院大通」徒歩6分,46.01,2LDK,2023年9月,https://suumo.jp//ms/chuko/fukuoka/sc_fukuokashichuo/nc_78553902/,薬院大通,地下鉄七隈線,6,2023-09-01,3,78553902
アクロス天神ファーストステージ,4980,福岡県福岡市中央区清川２,地下鉄七隈線「渡辺通」徒歩10分,80.8,3LDK,2001年11月,https://suumo.jp//ms/chuko/fukuoka/sc_fukuokashichuo/nc_20456602/,渡辺通,地下鉄七隈線,10,2001-11-01,25,20456602
ロイヤルマンションユトリテ田島,4980,福岡県福岡市城南区田島１,地下鉄七隈線「別府」徒歩15分,91.98,3LDK+S（納戸）,2005年3月,https://suumo.jp//ms/chuko/fukuoka/sc_fukuokashijonan/nc_21086708/,別府,地下鉄七隈線,15,2005-03-01,21,21086708
エンゼルハイム鳥飼中央,4980,福岡県福岡市中央区鳥飼１,地下鉄七隈線「六本松」徒歩15分,75.68,3LDK,2001年3月,https://suumo.jp//ms/chuko/fukuoka/sc_fukuokashichuo/nc_21431595/,六本松,地下鉄七隈線,15,2001-03-01,25,21431595
ロイヤルマンションユトリテ田島,4980,福岡県福岡市城南区田島１-4-18,地下鉄七隈線「別府」徒歩13分,91.98,3LDK+S（納戸）,2005年3月,https://suumo.jp//ms/chuko/fukuoka/sc_fukuokashijonan/nc_20646788/,別府,地下鉄七隈線,13,2005-03-01,21,20646788
デュオヴェール博多駅,4980,福岡県福岡市博多区博多駅東１,地下鉄空港線「博多」徒歩7分,48.76,2LDK,2023年6月,https://suumo.jp//ms/chuko/fukuoka/sc_fukuokashihakata/nc_20780394/,博多,地下鉄空港線,7,2023-06-01,3,20780394
シティハウス室見リバーサイドコート,4980,福岡県福岡市早良区室見２,地下鉄空港線「藤崎」徒歩8分,77.69,3LDK,2005年1月,https://suumo.jp//ms/chuko/fukuoka/sc_fukuokashisawara/nc_21377305/,藤崎,地下鉄空港線,8,2005-01-01,21,21377305
エスポワール城西,4980,福岡県福岡市早良区城西３,地下鉄空港線「西新」徒歩4分,67.29,3LDK,1994年9月,https://suumo.jp//ms/chuko/fukuoka/sc_fukuokashisawara/nc_21322171/,西新,地下鉄空港線,4,1994-09-01,32,21322171
エスポワール城西,4980,福岡県福岡市早良区城西３,地下鉄空港線「西新」徒歩4分,67.29,3LDK,1994年9月,https://suumo.jp//ms/chuko/fukuoka/sc_fukuokashisawara/nc_21307796/,西新,地下鉄空港線,4,1994-09-01,32,21307796
ライオンズマンション赤坂,4980,福岡県福岡市中央区赤坂２,地下鉄空港線「赤坂」徒歩8分,78.98,3LDK,1979年11月,https://suumo.jp//ms/chuko/fukuoka/sc_fukuokashichuo/nc_21149359/,赤坂,地下鉄空港線,8,1979-11-01,47,21149359
サングレート薬院駅ロイヤルウィン,4980,福岡県福岡市中央区平尾１,西鉄天神大牟田線「薬院」徒歩5分,55.72,2LDK,2003年11月,https://suumo.jp//ms/chuko/fukuoka/sc_fukuokashichuo/nc_20538366/,薬院,西鉄天神大牟田線,5,2003-11-01,23,20538366
ライオンズマンション天神南,4980,福岡県福岡市中央区今泉２,地下鉄七隈線「薬院大通」徒歩7分,86.02,1LDK,1992年3月,https://suumo.jp//ms/chuko/fukuoka/sc_fukuokashichuo/nc_20435722/,薬院大通,地下鉄七隈線,7,1992-03-01,34,20435722
デュオヴェール薬院,4980,福岡県福岡市中央区高砂１,西鉄天神大牟田線「薬院」徒歩7分,45.23,2LDK,2019年8月,https://suumo.jp//ms/chuko/fukuoka/sc_fukuokashichuo/nc_21528637/,薬院,西鉄天神大牟田線,7,2019-08-01,7,21528637
東峰マンション六本松,4990,福岡県福岡市中央区輝国２,地下鉄七隈線「六本松」徒歩8分,78.87,2LDK,1989年5月,https://suumo.jp//ms/chuko/fukuoka/sc_fukuokashichuo/nc_21221610/,六本松,地下鉄七隈線,8,1989-05-01,37,21221610
クリスタージュ２番館,4990,福岡県福岡市早良区百道浜４,地下鉄空港線「藤崎」徒歩11分,102.28,4LDK,1992年5月,https://suumo.jp//ms/chuko/fukuoka/sc_fukuokashisawara/nc_78014368/,藤崎,地下鉄空港線,11,1992-05-01,34,78014368
ソレイユ赤坂南,4998,福岡県福岡市中央区六本松３,地下鉄七隈線「桜坂」徒歩7分,75.03,3LDK,1989年10月,https://suumo.jp//ms/chuko/fukuoka/sc_fukuokashichuo/nc_21260166/,桜坂,地下鉄七隈線,7,1989-10-01,37,21260166
●ライオンズマンション薬院第5　【担当：高橋】　まで…,5080,福岡県福岡市中央区薬院２,地下鉄七隈線「薬院大通」徒歩4分,80.06,2LDK,1982年7月,https://suumo.jp//ms/chuko/fukuoka/sc_fukuokashichuo/nc_21494266/,薬院大通,地下鉄七隈線,4,1982-07-01,44,21494266
ロイヤルマンション別府,5090,福岡県福岡市城南区別府３,地下鉄七隈線「別府」徒歩1分,81.0,3LDK,1986年4月,https://suumo.jp//ms/chuko/fukuoka/sc_fukuokashijonan/nc_21175231/,別府,地下鉄七隈線,1,1986-04-01,40,21175231
別府駅徒歩1分♪ ロイヤルマンション別府　【担当：出…,5090,福岡県福岡市城南区別府３-1-11,地下鉄七隈線「別府」徒歩1分,81.0,3LDK,1986年4月,https://suumo.jp//ms/chuko/fukuoka/sc_fukuokashijonan/nc_21172909/,別府,地下鉄七隈線,1,1986-04-01,40,21172909
ロイヤルマンション別府,5099,福岡県福岡市城南区別府３,地下鉄七隈線「別府」徒歩4分,81.0,3LDK,1986年4月,https://suumo.jp//ms/chuko/fukuoka/sc_fukuokashijonan/nc_21168976/,別府,地下鉄七隈線,4,1986-04-01,40,21168976
グランドメゾン鳥飼,5180,福岡県福岡市城南区鳥飼６,地下鉄七隈線「別府」徒歩8分,72.93,3LDK,2000年1月,https://suumo.jp//ms/chuko/fukuoka/sc_fukuokashijonan/nc_20753988/,別府,地下鉄七隈線,8,2000-01-01,26,20753988
グランドメゾン鳥飼,5180,福岡県福岡市城南区鳥飼６,地下鉄七隈線「別府」徒歩8分,72.93,3LDK,2000年1月,https://suumo.jp//ms/chuko/fukuoka/sc_fukuokashijonan/nc_20711824/,別府,地下鉄七隈線,8,2000-01-01,26,20711824
グランドメゾン鳥飼,5180,福岡県福岡市城南区鳥飼６,地下鉄七隈線「別府」徒歩8分,72.93,3LDK,2000年1月,https://suumo.jp//ms/chuko/fukuoka/sc_fukuokashijonan/nc_20727247/,別府,地下鉄七隈線,8,2000-01-01,26,20727247
グランドメゾン鳥飼,5180,福岡県福岡市城南区鳥飼６-20-33,地下鉄七隈線「別府」徒歩7分,72.93,3LDK,2000年1月,https://suumo.jp//ms/chuko/fukuoka/sc_fukuokashijonan/nc_20715685/,別府,地下鉄七隈線,7,2000-01-01,26,20715685
イトーピア大濠,5180,福岡県福岡市中央区今川１-25-18,地下鉄空港線「唐人町」徒歩8分,95.31,3LDK+S（納戸）,1982年6月,https://suumo.jp//ms/chuko/fukuoka/sc_fukuokashichuo/nc_20760888/,唐人町,地下鉄空港線,8,1982-06-01,44,20760888
グランドメゾン鳥飼,5180,福岡県福岡市城南区鳥飼６-20-33,地下鉄七隈線「別府」徒歩10分,72.93,3LDK,2000年1月,https://suumo.jp//ms/chuko/fukuoka/sc_fukuokashijonan/nc_20884520/,別府,地下鉄七隈線,10,2000-01-01,26,20884520
リーベスト祖原公園アソシア,5180,福岡県福岡市早良区昭代１,地下鉄空港線「西新」徒歩12分,88.35,4LDK,1999年3月,https://suumo.jp//ms/chuko/fukuoka/sc_fukuokashisawara/nc_21305469/,西新,地下鉄空港線,12,1999-03-01,27,21305469
ダイアパレスグランデージ博多駅前,5180,福岡県福岡市博多区博多駅前４-23-12,地下鉄七隈線「博多」徒歩9分,64.64,3LDK,1998年7月,https://suumo.jp//ms/chuko/fukuoka/sc_fukuokashihakata/nc_21181989/,博多,地下鉄七隈線,9,1998-07-01,28,21181989
ファーネスト西新南,5199,福岡県福岡市早良区昭代２,地下鉄空港線「藤崎」徒歩15分,77.96,4LDK,2000年8月,https://suumo.jp//ms/chuko/fukuoka/sc_fukuokashisawara/nc_21188006/,藤崎,地下鉄空港線,15,2000-08-01,26,21188006
トラスト福岡空港駅レジデンス,5280,福岡県糟屋郡志免町別府北４,地下鉄空港線「福岡空港」徒歩12分,79.35,4LDK,2024年5月,https://suumo.jp//ms/chuko/fukuoka/sc_kasuyagunshime/nc_21418129/,福岡空港,地下鉄空港線,12,2024-05-01,2,21418129
コアマンション神屋町,5280,福岡県福岡市博多区神屋町,地下鉄空港線「中洲川端」徒歩10分,71.85,3LDK,1996年7月,https://suumo.jp//ms/chuko/fukuoka/sc_fukuokashihakata/nc_21187880/,中洲川端,地下鉄空港線,10,1996-07-01,30,21187880
平尾フェニックスマンション,5280,福岡県福岡市中央区平尾１,西鉄天神大牟田線「薬院」徒歩6分,79.07,3LDK,1991年10月,https://suumo.jp//ms/chuko/fukuoka/sc_fukuokashichuo/nc_20451513/,薬院,西鉄天神大牟田線,6,1991-10-01,35,20451513
パレスト藤崎南,5280,福岡県福岡市早良区原１,地下鉄空港線「藤崎」徒歩13分,90.07,3LDK,2003年2月,https://suumo.jp//ms/chuko/fukuoka/sc_fukuokashisawara/nc_21393944/,藤崎,地下鉄空港線,13,2003-02-01,23,21393944
ソピア大濠西,5280,福岡県福岡市中央区鳥飼３,地下鉄空港線「西新」徒歩10分,69.57,3LDK,1999年3月,https://suumo.jp//ms/chuko/fukuoka/sc_fukuokashichuo/nc_20977249/,西新,地下鉄空港線,10,1999-03-01,27,20977249
デュ・レジア薬院スタンス,5280,福岡県福岡市中央区薬院３,西鉄天神大牟田線「薬院」徒歩6分,43.0,2LDK,2023年2月,https://suumo.jp//ms/chuko/fukuoka/sc_fukuokashichuo/nc_20952542/,薬院,西鉄天神大牟田線,6,2023-02-01,3,20952542
グランドメゾン鳥飼,5280,福岡県福岡市城南区鳥飼６,地下鉄七隈線「別府」徒歩7分,85.21,3LDK,1999年12月,https://suumo.jp//ms/chuko/fukuoka/sc_fukuokashijonan/nc_21542569/,別府,地下鉄七隈線,7,1999-12-01,27,21542569
ファミール平尾,5280,福岡県福岡市中央区那の川２,地下鉄七隈線「薬院」徒歩15分,70.4,2LDK,1996年1月,https://suumo.jp//ms/chuko/fukuoka/sc_fukuokashichuo/nc_21469823/,薬院,地下鉄七隈線,15,1996-01-01,30,21469823
サングレート博多駅南センターステージ,5290,福岡県福岡市博多区博多駅南２,ＪＲ鹿児島本線「博多」徒歩13分,60.91,2LDK,2000年9月,https://suumo.jp//ms/chuko/fukuoka/sc_fukuokashihakata/nc_21126548/,博多,ＪＲ鹿児島本線,13,2000-09-01,26,21126548
サーパス別府四丁目,5300,福岡県福岡市城南区別府４-１３－４０,地下鉄七隈線「別府」徒歩9分,77.42,3LDK,2005年2月,https://suumo.jp//ms/chuko/fukuoka/sc_fukuokashijonan/nc_21389319/,別府,地下鉄七隈線,9,2005-02-01,21,21389319
【新掲載】コスモ警固ロイヤルフォルム,5380,福岡県福岡市中央区警固１,地下鉄空港線「赤坂」徒歩7分,53.34,2LDK,2001年8月,https://suumo.jp//ms/chuko/fukuoka/sc_fukuokashichuo/nc_21214060/,赤坂,地下鉄空港線,7,2001-08-01,25,21214060
ネオグランデ渡辺通り,5380,福岡県福岡市中央区高砂１-１５番２４号,西鉄天神大牟田線「薬院」徒歩8分,81.58,4LDK,1999年3月,https://suumo.jp//ms/chuko/fukuoka/sc_fukuokashichuo/nc_21379197/,薬院,西鉄天神大牟田線,8,1999-03-01,27,21379197
ＭＪＲ博多ザ・レジデンス,5480,福岡県福岡市博多区美野島１,ＪＲ鹿児島本線「博多」徒歩13分,52.78,1LDK,2025年1月,https://suumo.jp//ms/chuko/fukuoka/sc_fukuokashihakata/nc_21206795/,博多,ＪＲ鹿児島本線,13,2025-01-01,1,21206795
ライオンズプラザ大濠公園,5480,福岡県福岡市中央区荒戸３-2-41,地下鉄空港線「唐人町」徒歩6分,66.63,3LDK,1995年11月,https://suumo.jp//ms/chuko/fukuoka/sc_fukuokashichuo/nc_21104833/,唐人町,地下鉄空港線,6,1995-11-01,31,21104833
ＭＪＲ博多ザ・レジデンス,5480,福岡県福岡市博多区美野島１,ＪＲ鹿児島本線「博多」徒歩13分,52.78,1LDK,2025年1月,https://suumo.jp//ms/chuko/fukuoka/sc_fukuokashihakata/nc_21194212/,博多,ＪＲ鹿児島本線,13,2025-01-01,1,21194212
クリオラベルヴィ博多,5480,福岡県福岡市博多区比恵町,地下鉄空港線「東比恵」徒歩4分,54.01,2LDK,2019年10月,https://suumo.jp//ms/chuko/fukuoka/sc_fukuokashihakata/nc_20577788/,東比恵,地下鉄空港線,4,2019-10-01,7,20577788
東急ドエルアルス桜坂,5480,福岡県福岡市中央区桜坂１,地下鉄七隈線「桜坂」徒歩7分,77.6,3LDK,1996年3月,https://suumo.jp//ms/chuko/fukuoka/sc_fukuokashichuo/nc_21381109/,桜坂,地下鉄七隈線,7,1996-03-01,30,21381109
クリスタージュ２番館,5480,福岡県福岡市早良区百道浜４,地下鉄空港線「藤崎」徒歩11分,102.28,4LDK,1992年5月,https://suumo.jp//ms/chuko/fukuoka/sc_fukuokashisawara/nc_78722109/,藤崎,地下鉄空港線,11,1992-05-01,34,78722109
オープンレジデンシア渡辺通南,5480,福岡県福岡市中央区清川２,地下鉄七隈線「渡辺通」徒歩11分,52.27,2LDK,2024年8月,https://suumo.jp//ms/chuko/fukuoka/sc_fukuokashichuo/nc_21405715/,渡辺通,地下鉄七隈線,11,2024-08-01,2,21405715
東峰マンションアーバンスクエア博多駅,5490,福岡県福岡市博多区博多駅南１,地下鉄空港線「博多」徒歩9分,70.37,2LDK,2000年11月,https://suumo.jp//ms/chuko/fukuoka/sc_fukuokashihakata/nc_21345811/,博多,地下鉄空港線,9,2000-11-01,26,21345811
アーサー大濠倶楽部スカイコート,5490,福岡県福岡市中央区荒戸３,地下鉄空港線「唐人町」徒歩4分,72.6,2LDK,1996年2月,https://suumo.jp//ms/chuko/fukuoka/sc_fukuokashichuo/nc_20714760/,唐人町,地下鉄空港線,4,1996-02-01,30,20714760
シャトレ平尾　リ ノ ベ,5580,福岡県福岡市中央区平尾１-12-6,西鉄天神大牟田線「薬院」徒歩8分,88.92,3LDK,1985年7月,https://suumo.jp//ms/chuko/fukuoka/sc_fukuokashichuo/nc_20985236/,薬院,西鉄天神大牟田線,8,1985-07-01,41,20985236
ライオンズシティ高砂,5590,福岡県福岡市中央区高砂１,地下鉄七隈線「薬院」徒歩7分,88.06,4LDK,2002年7月,https://suumo.jp//ms/chuko/fukuoka/sc_fukuokashichuo/nc_21312064/,薬院,地下鉄七隈線,7,2002-07-01,24,21312064
浄水通りパーク・ホームズ,5599,福岡県福岡市中央区薬院４-6-7,地下鉄七隈線「薬院大通」徒歩4分,61.48,3LDK,1994年3月,https://suumo.jp//ms/chuko/fukuoka/sc_fukuokashichuo/nc_21115582/,薬院大通,地下鉄七隈線,4,1994-03-01,32,21115582
浄水通りパーク・ホームズ,5599,福岡県福岡市中央区薬院４,地下鉄七隈線「薬院大通」徒歩4分,61.48,3LDK,1994年3月,https://suumo.jp//ms/chuko/fukuoka/sc_fukuokashichuo/nc_21118149/,薬院大通,地下鉄七隈線,4,1994-03-01,32,21118149
ダイアパレス西公園Ⅱ,5680,福岡県福岡市中央区荒戸２,地下鉄空港線「大濠公園」徒歩7分,116.59,4LDK,1985年6月,https://suumo.jp//ms/chuko/fukuoka/sc_fukuokashichuo/nc_20401835/,大濠公園,地下鉄空港線,7,1985-06-01,41,20401835
サングレート薬院駅ロイヤルウィン,5680,福岡県福岡市中央区平尾１,西鉄天神大牟田線「薬院」徒歩4分,55.72,1LDK,2003年12月,https://suumo.jp//ms/chuko/fukuoka/sc_fukuokashichuo/nc_73662868/,薬院,西鉄天神大牟田線,4,2003-12-01,23,73662868
ジェネラスマンション百道,5700,福岡県福岡市早良区西新７,地下鉄空港線「藤崎」徒歩9分,92.0,4LDK,2004年1月,https://suumo.jp//ms/chuko/fukuoka/sc_fukuokashisawara/nc_20704171/,藤崎,地下鉄空港線,9,2004-01-01,22,20704171
シーサイドももちアクアコート５番館,5700,福岡県福岡市早良区百道浜３,地下鉄空港線「藤崎」徒歩15分,88.08,3LDK,1993年2月,https://suumo.jp//ms/chuko/fukuoka/sc_fukuokashisawara/nc_21344302/,藤崎,地下鉄空港線,15,1993-02-01,33,21344302
ネクサス百道　Ｓ棟,5780,福岡県福岡市早良区百道浜４,地下鉄空港線「藤崎」徒歩10分,89.1,3LDK,1989年11月,https://suumo.jp//ms/chuko/fukuoka/sc_fukuokashisawara/nc_21182813/,藤崎,地下鉄空港線,10,1989-11-01,37,21182813
大濠公園グランドヒルズ,5780,福岡県福岡市中央区荒戸２,地下鉄空港線「大濠公園」徒歩4分,70.11,3LDK,1990年9月,https://suumo.jp//ms/chuko/fukuoka/sc_fukuokashichuo/nc_20689449/,大濠公園,地下鉄空港線,4,1990-09-01,36,20689449
パークホームズ室見駅前,5780,福岡県福岡市早良区室見５,地下鉄空港線「藤崎」徒歩13分,71.47,3LDK,2004年5月,https://suumo.jp//ms/chuko/fukuoka/sc_fukuokashisawara/nc_21215024/,藤崎,地下鉄空港線,13,2004-05-01,22,21215024
ライオンズプラザ大濠公園,5780,福岡県福岡市中央区荒戸３,地下鉄空港線「唐人町」徒歩6分,66.63,3LDK,1995年11月,https://suumo.jp//ms/chuko/fukuoka/sc_fukuokashichuo/nc_79107636/,唐人町,地下鉄空港線,6,1995-11-01,31,79107636
サントーア地行,5799,福岡県福岡市中央区地行１,地下鉄空港線「唐人町」徒歩4分,72.0,3LDK,1995年10月,https://suumo.jp//ms/chuko/fukuoka/sc_fukuokashichuo/nc_20890373/,唐人町,地下鉄空港線,4,1995-10-01,31,20890373
ティアラ薬院,5800,福岡県福岡市中央区薬院２,地下鉄七隈線「薬院大通」徒歩4分,100.84,3LDK,1991年6月,https://suumo.jp//ms/chuko/fukuoka/sc_fukuokashichuo/nc_20504005/,薬院大通,地下鉄七隈線,4,1991-06-01,35,20504005
オープンレジデンシア薬院二丁目,5800,福岡県福岡市中央区薬院２,地下鉄七隈線「薬院大通」徒歩3分,42.54,2LDK,2023年2月,https://suumo.jp//ms/chuko/fukuoka/sc_fukuokashichuo/nc_20469143/,薬院大通,地下鉄七隈線,3,2023-02-01,3,20469143
薬院中央パーク・ホームズ　イーストコート,5820,福岡県福岡市中央区薬院２,地下鉄七隈線「薬院大通」徒歩3分,68.07,3LDK,1997年3月,https://suumo.jp//ms/chuko/fukuoka/sc_fukuokashichuo/nc_21056078/,薬院大通,地下鉄七隈線,3,1997-03-01,29,21056078
インプレスト天神オークタワー,5880,福岡県福岡市中央区長浜２,地下鉄空港線「赤坂」徒歩9分,56.79,2LDK,2020年5月,https://suumo.jp//ms/chuko/fukuoka/sc_fukuokashichuo/nc_20764595/,赤坂,地下鉄空港線,9,2020-05-01,6,20764595
シーサイドももちイーストステージ　１号棟,5980,福岡県福岡市早良区百道浜１,地下鉄空港線「西新」徒歩14分,90.76,3LDK,1990年3月,https://suumo.jp//ms/chuko/fukuoka/sc_fukuokashisawara/nc_21144719/,西新,地下鉄空港線,14,1990-03-01,36,21144719
クラブエイリック藤崎南ザ・テラス,5980,福岡県福岡市早良区原１,地下鉄空港線「藤崎」徒歩12分,84.62,2LDK,2013年4月,https://suumo.jp//ms/chuko/fukuoka/sc_fukuokashisawara/nc_20952827/,藤崎,地下鉄空港線,12,2013-04-01,13,20952827
コスモ西新七丁目　【担当：中見】　までお気軽にお問合…,5980,福岡県福岡市早良区西新７-1-17,地下鉄空港線「藤崎」徒歩4分,70.01,2LDK+S（納戸）,2000年9月,https://suumo.jp//ms/chuko/fukuoka/sc_fukuokashisawara/nc_20292711/,藤崎,地下鉄空港線,4,2000-09-01,26,20292711
パストラルハイム六本松,5980,福岡県福岡市中央区谷１,地下鉄七隈線「六本松」徒歩7分,93.85,4LDK,1991年7月,https://suumo.jp//ms/chuko/fukuoka/sc_fukuokashichuo/nc_20683145/,六本松,地下鉄七隈線,7,1991-07-01,35,20683145
西新百道パークホームズ,5980,福岡県福岡市早良区西新７,地下鉄空港線「西新」徒歩12分,76.83,3LDK,2001年3月,https://suumo.jp//ms/chuko/fukuoka/sc_fukuokashisawara/nc_20745034/,西新,地下鉄空港線,12,2001-03-01,25,20745034
ロワールマンション西公園東,5980,福岡県福岡市中央区港２,地下鉄空港線「大濠公園」徒歩6分,70.17,3LDK,1999年1月,https://suumo.jp//ms/chuko/fukuoka/sc_fukuokashichuo/nc_21085176/,大濠公園,地下鉄空港線,6,1999-01-01,27,21085176
パストラルハイム六本松,5980,福岡県福岡市中央区谷１,地下鉄七隈線「六本松」徒歩6分,93.85,4LDK,1991年7月,https://suumo.jp//ms/chuko/fukuoka/sc_fukuokashichuo/nc_21260831/,六本松,地下鉄七隈線,6,1991-07-01,35,21260831
パストラルハイム六本松,5980,福岡県福岡市中央区谷１,地下鉄七隈線「六本松」徒歩6分,93.85,4LDK,1991年7月,https://suumo.jp//ms/chuko/fukuoka/sc_fukuokashichuo/nc_20676273/,六本松,地下鉄七隈線,6,1991-07-01,35,20676273
天神スカイマンション,5980,福岡県福岡市中央区長浜１,地下鉄空港線「天神」徒歩10分,100.94,3LDK,1981年2月,https://suumo.jp//ms/chuko/fukuoka/sc_fukuokashichuo/nc_20503717/,天神,地下鉄空港線,10,1981-02-01,45,20503717
ソピア天神,5980,福岡県福岡市中央区警固１,地下鉄空港線「赤坂」徒歩10分,74.0,2LDK+S（納戸）,1999年2月,https://suumo.jp//ms/chuko/fukuoka/sc_fukuokashichuo/nc_21028015/,赤坂,地下鉄空港線,10,1999-02-01,27,21028015
アクロス薬院レジーナガーデン,5980,福岡県福岡市中央区高砂２,西鉄天神大牟田線「薬院」徒歩9分,60.65,2LDK,2019年8月,https://suumo.jp//ms/chuko/fukuoka/sc_fukuokashichuo/nc_20826822/,薬院,西鉄天神大牟田線,9,2019-08-01,7,20826822
パストラルハイム六本松,5980,福岡県福岡市中央区谷１-１６－５３,地下鉄七隈線「六本松」徒歩7分,93.85,4LDK,1991年7月,https://suumo.jp//ms/chuko/fukuoka/sc_fukuokashichuo/nc_21057054/,六本松,地下鉄七隈線,7,1991-07-01,35,21057054
コモダス天神,5990,福岡県福岡市中央区今泉２,地下鉄七隈線「薬院大通」徒歩5分,72.24,2LDK,1997年5月,https://suumo.jp//ms/chuko/fukuoka/sc_fukuokashichuo/nc_21418220/,薬院大通,地下鉄七隈線,5,1997-05-01,29,21418220
コモダス天神,5990,福岡県福岡市中央区今泉２,地下鉄七隈線「薬院大通」徒歩7分,72.24,2LDK,1997年5月,https://suumo.jp//ms/chuko/fukuoka/sc_fukuokashichuo/nc_21393844/,薬院大通,地下鉄七隈線,7,1997-05-01,29,21393844
コモダス天神,5990,福岡県福岡市中央区今泉２,地下鉄七隈線「薬院大通」徒歩5分,72.24,2LDK,1997年5月,https://suumo.jp//ms/chuko/fukuoka/sc_fukuokashichuo/nc_21413363/,薬院大通,地下鉄七隈線,5,1997-05-01,29,21413363
インプレスト天神オークタワー,5990,福岡県福岡市中央区長浜２,地下鉄空港線「赤坂」徒歩9分,56.79,2LDK,2020年5月,https://suumo.jp//ms/chuko/fukuoka/sc_fukuokashichuo/nc_78957814/,赤坂,地下鉄空港線,9,2020-05-01,6,78957814
コモダス天神,5990,福岡県福岡市中央区今泉２,地下鉄七隈線「薬院大通」徒歩6分,72.24,2LDK,1997年5月,https://suumo.jp//ms/chuko/fukuoka/sc_fukuokashichuo/nc_21528545/,薬院大通,地下鉄七隈線,6,1997-05-01,29,21528545
ダイアパレスグランステージ大名,5990,福岡県福岡市中央区大名１,地下鉄空港線「赤坂」徒歩7分,70.69,2LDK,1998年3月,https://suumo.jp//ms/chuko/fukuoka/sc_fukuokashichuo/nc_20912391/,赤坂,地下鉄空港線,7,1998-03-01,28,20912391
アソシアビュー博多アドレス,5990,福岡県福岡市博多区豊１,地下鉄空港線「東比恵」徒歩11分,90.64,3LDK,2015年2月,https://suumo.jp//ms/chuko/fukuoka/sc_fukuokashihakata/nc_21530296/,東比恵,地下鉄空港線,11,2015-02-01,11,21530296
ダイアパレスグランデージ大名,5990,福岡県福岡市中央区大名１,地下鉄空港線「赤坂」徒歩7分,70.69,2LDK,1998年3月,https://suumo.jp//ms/chuko/fukuoka/sc_fukuokashichuo/nc_20864651/,赤坂,地下鉄空港線,7,1998-03-01,28,20864651
ダイアパレスグランデージ大名,5990,福岡県福岡市中央区大名１,地下鉄空港線「赤坂」徒歩6分,70.69,2LDK+S（納戸）,1998年3月,https://suumo.jp//ms/chuko/fukuoka/sc_fukuokashichuo/nc_20408984/,赤坂,地下鉄空港線,6,1998-03-01,28,20408984
インプレスト天神オークタワー,5990,福岡県福岡市中央区長浜２,地下鉄空港線「赤坂」徒歩10分,56.79,2LDK,2020年5月,https://suumo.jp//ms/chuko/fukuoka/sc_fukuokashichuo/nc_79072559/,赤坂,地下鉄空港線,10,2020-05-01,6,79072559
グリーンマンション薬院,5999,福岡県福岡市中央区薬院２,地下鉄七隈線「薬院大通」徒歩5分,88.26,3LDK,1986年8月,https://suumo.jp//ms/chuko/fukuoka/sc_fukuokashichuo/nc_21307795/,薬院大通,地下鉄七隈線,5,1986-08-01,40,21307795
ヒューマインド博多駅東ネクスタイル,5999,福岡県福岡市博多区東比恵３,地下鉄空港線「東比恵」徒歩5分,80.11,3LDK,2005年4月,https://suumo.jp//ms/chuko/fukuoka/sc_fukuokashihakata/nc_21507120/,東比恵,地下鉄空港線,5,2005-04-01,21,21507120
ヒューマインド博多駅東ネクスタイル,5999,福岡県福岡市博多区東比恵３,地下鉄空港線「東比恵」徒歩7分,80.11,3LDK,2005年4月,https://suumo.jp//ms/chuko/fukuoka/sc_fukuokashihakata/nc_21346885/,東比恵,地下鉄空港線,7,2005-04-01,21,21346885
ヒューマインド博多駅東ネクスタイル,5999,福岡県福岡市博多区東比恵３,地下鉄空港線「東比恵」徒歩5分,80.11,3LDK,2005年4月,https://suumo.jp//ms/chuko/fukuoka/sc_fukuokashihakata/nc_21221614/,東比恵,地下鉄空港線,5,2005-04-01,21,21221614
ヒューマインド博多駅東ネクスタイル,5999,福岡県福岡市博多区東比恵３-24-24,地下鉄空港線「東比恵」徒歩5分,80.11,3LDK,2005年4月,https://suumo.jp//ms/chuko/fukuoka/sc_fukuokashihakata/nc_21240893/,東比恵,地下鉄空港線,5,2005-04-01,21,21240893
ヒューマインド博多駅東ネクスタイル,5999,福岡県福岡市博多区東比恵３-24,地下鉄空港線「東比恵」徒歩5分,80.11,3LDK,2005年4月,https://suumo.jp//ms/chuko/fukuoka/sc_fukuokashihakata/nc_21155962/,東比恵,地下鉄空港線,5,2005-04-01,21,21155962
ヒューマインド博多駅東ネクスタイル,5999,福岡県福岡市博多区東比恵３-24-24,地下鉄空港線「東比恵」徒歩4分,80.11,3LDK,2005年4月,https://suumo.jp//ms/chuko/fukuoka/sc_fukuokashihakata/nc_21135834/,東比恵,地下鉄空港線,4,2005-04-01,21,21135834
ヒューマンインド博多駅東ネクスタイル,5999,福岡県福岡市博多区東比恵３,地下鉄空港線「東比恵」徒歩6分,80.11,3LDK,2005年4月,https://suumo.jp//ms/chuko/fukuoka/sc_fukuokashihakata/nc_21134993/,東比恵,地下鉄空港線,6,2005-04-01,21,21134993
ダイアパレス大濠公園Ⅱ,5999,福岡県福岡市中央区荒戸２,地下鉄空港線「大濠公園」徒歩7分,70.92,3LDK,1996年3月,https://suumo.jp//ms/chuko/fukuoka/sc_fukuokashichuo/nc_21117643/,大濠公園,地下鉄空港線,7,1996-03-01,30,21117643
ヒューマインド博多駅東ネクスタイル,5999,福岡県福岡市博多区東比恵３,地下鉄空港線「東比恵」徒歩5分,80.11,3LDK,2005年4月,https://suumo.jp//ms/chuko/fukuoka/sc_fukuokashihakata/nc_21116231/,東比恵,地下鉄空港線,5,2005-04-01,21,21116231
インプレスト天神オークタワー,6080,福岡県福岡市中央区長浜２,地下鉄空港線「赤坂」徒歩8分,61.28,2LDK,2020年5月,https://suumo.jp//ms/chuko/fukuoka/sc_fukuokashichuo/nc_21188010/,赤坂,地下鉄空港線,8,2020-05-01,6,21188010
デュオヴェール大濠公園,6080,福岡県福岡市中央区荒戸３,地下鉄空港線「大濠公園」徒歩8分,49.42,2LDK,2019年2月,https://suumo.jp//ms/chuko/fukuoka/sc_fukuokashichuo/nc_20598684/,大濠公園,地下鉄空港線,8,2019-02-01,7,20598684
東急ドエルアルス桜坂,6199,福岡県福岡市中央区桜坂１,地下鉄七隈線「桜坂」徒歩6分,84.11,3LDK,1996年3月,https://suumo.jp//ms/chuko/fukuoka/sc_fukuokashichuo/nc_21394085/,桜坂,地下鉄七隈線,6,1996-03-01,30,21394085
クリオ渡辺通アーバンマークス,6200,福岡県福岡市中央区清川２,地下鉄七隈線「渡辺通」徒歩10分,53.94,2LDK,2023年2月,https://suumo.jp//ms/chuko/fukuoka/sc_fukuokashichuo/nc_21322482/,渡辺通,地下鉄七隈線,10,2023-02-01,3,21322482
アクタス渡辺通パークシティ,6280,福岡県福岡市中央区清川２,地下鉄七隈線「渡辺通」徒歩9分,84.74,2LDK,2010年2月,https://suumo.jp//ms/chuko/fukuoka/sc_fukuokashichuo/nc_21388429/,渡辺通,地下鉄七隈線,9,2010-02-01,16,21388429
ミスモ薬院ネクスト,6280,福岡県福岡市中央区高砂１-20-2,地下鉄七隈線「渡辺通」徒歩7分,52.7,1LDK,2026年4月,https://suumo.jp//ms/chuko/fukuoka/sc_fukuokashichuo/nc_21473020/,渡辺通,地下鉄七隈線,7,2026-04-01,0,21473020
サンリヤン薬院公園,6280,福岡県福岡市中央区薬院３-10-42,地下鉄七隈線「薬院」徒歩5分,62.84,1LDK,2002年3月,https://suumo.jp//ms/chuko/fukuoka/sc_fukuokashichuo/nc_21294623/,薬院,地下鉄七隈線,5,2002-03-01,24,21294623
シティライフ呉服町,6290,福岡県福岡市博多区下呉服町,地下鉄空港線「中洲川端」徒歩15分,82.82,4LDK,2000年2月,https://suumo.jp//ms/chuko/fukuoka/sc_fukuokashihakata/nc_21375206/,中洲川端,地下鉄空港線,15,2000-02-01,26,21375206
グランアルト天神タワー,6290,福岡県福岡市中央区今泉２,地下鉄空港線「天神」徒歩9分,55.68,1LDK,2004年9月,https://suumo.jp//ms/chuko/fukuoka/sc_fukuokashichuo/nc_21182830/,天神,地下鉄空港線,9,2004-09-01,22,21182830
シティライフ呉服町,6290,福岡県福岡市博多区下呉服町,地下鉄空港線「中洲川端」徒歩15分,82.82,4LDK,2000年2月,https://suumo.jp//ms/chuko/fukuoka/sc_fukuokashihakata/nc_21422822/,中洲川端,地下鉄空港線,15,2000-02-01,26,21422822
グランドメゾン福岡　Ｔｈｅ　Ｃｅｎｔｒａｌ　Ｌｕｘｅ,6300,福岡県福岡市中央区渡辺通２,西鉄天神大牟田線「薬院」徒歩3分,44.25,1LDK,2025年6月,https://suumo.jp//ms/chuko/fukuoka/sc_fukuokashichuo/nc_21312147/,薬院,西鉄天神大牟田線,3,2025-06-01,1,21312147
グランディア百道浜通り,6380,福岡県福岡市早良区西新２,地下鉄空港線「西新」徒歩9分,68.66,3LDK,2006年4月,https://suumo.jp//ms/chuko/fukuoka/sc_fukuokashisawara/nc_21146283/,西新,地下鉄空港線,9,2006-04-01,20,21146283
ダイアパレス唐人町,6380,福岡県福岡市中央区唐人町１,地下鉄空港線「唐人町」徒歩3分,69.83,1LDK+S（納戸）,2000年11月,https://suumo.jp//ms/chuko/fukuoka/sc_fukuokashichuo/nc_21480660/,唐人町,地下鉄空港線,3,2000-11-01,26,21480660
グランディア百道浜通り,6380,福岡県福岡市早良区西新２-23-12,地下鉄空港線「西新」徒歩8分,68.66,3LDK,2006年4月,https://suumo.jp//ms/chuko/fukuoka/sc_fukuokashisawara/nc_21453046/,西新,地下鉄空港線,8,2006-04-01,20,21453046
グランディア百道浜通り,6380,福岡県福岡市早良区西新２-23-12,地下鉄空港線「西新」徒歩9分,68.66,3LDK,2006年4月,https://suumo.jp//ms/chuko/fukuoka/sc_fukuokashisawara/nc_21085228/,西新,地下鉄空港線,9,2006-04-01,20,21085228
グランディア百道浜通り,6380,福岡県福岡市早良区西新２,地下鉄空港線「西新」徒歩9分,68.66,3LDK,2006年4月,https://suumo.jp//ms/chuko/fukuoka/sc_fukuokashisawara/nc_21129688/,西新,地下鉄空港線,9,2006-04-01,20,21129688
エステートマンション大濠・相羽ビル,6380,福岡県福岡市中央区大濠１,地下鉄七隈線「六本松」徒歩9分,102.26,3LDK,1986年7月,https://suumo.jp//ms/chuko/fukuoka/sc_fukuokashichuo/nc_21116549/,六本松,地下鉄七隈線,9,1986-07-01,40,21116549
デュ・レジア大濠,6390,福岡県福岡市中央区黒門,地下鉄空港線「唐人町」徒歩2分,55.3,2LDK,2020年11月,https://suumo.jp//ms/chuko/fukuoka/sc_fukuokashichuo/nc_20954558/,唐人町,地下鉄空港線,2,2020-11-01,6,20954558
コスモシティ地行,6400,福岡県福岡市中央区地行４,地下鉄空港線「唐人町」徒歩5分,84.04,3LDK,2002年3月,https://suumo.jp//ms/chuko/fukuoka/sc_fukuokashichuo/nc_21093790/,唐人町,地下鉄空港線,5,2002-03-01,24,21093790
パークヒルズ櫻坂ステージI,6480,福岡県福岡市中央区桜坂３,地下鉄七隈線「桜坂」徒歩5分,131.34,3LDK,1993年8月,https://suumo.jp//ms/chuko/fukuoka/sc_fukuokashichuo/nc_20602025/,桜坂,地下鉄七隈線,5,1993-08-01,33,20602025
プレミスト赤坂けやき通り,6480,福岡県福岡市中央区赤坂２,地下鉄空港線「赤坂」徒歩10分,47.69,2LDK,2023年8月,https://suumo.jp//ms/chuko/fukuoka/sc_fukuokashichuo/nc_21023626/,赤坂,地下鉄空港線,10,2023-08-01,3,21023626
アーバンパレスアルカディア博多駅東,6480,福岡県福岡市博多区東比恵４,地下鉄空港線「東比恵」徒歩1分,86.5,4LDK,1997年1月,https://suumo.jp//ms/chuko/fukuoka/sc_fukuokashihakata/nc_21275515/,東比恵,地下鉄空港線,1,1997-01-01,29,21275515
アーバンパレスアルカディア博多駅東,6480,福岡県福岡市博多区東比恵４,地下鉄空港線「東比恵」徒歩3分,86.5,4LDK,1997年1月,https://suumo.jp//ms/chuko/fukuoka/sc_fukuokashihakata/nc_21385084/,東比恵,地下鉄空港線,3,1997-01-01,29,21385084
シティハウス室見ステーションコート,6480,福岡県福岡市早良区室見１-4-1,地下鉄空港線「藤崎」徒歩9分,66.12,3LDK,2018年1月,https://suumo.jp//ms/chuko/fukuoka/sc_fukuokashisawara/nc_21413587/,藤崎,地下鉄空港線,9,2018-01-01,8,21413587
シティライフ呉服町,6490,福岡県福岡市博多区下呉服町,地下鉄空港線「中洲川端」徒歩13分,82.82,3LDK,2000年2月,https://suumo.jp//ms/chuko/fukuoka/sc_fukuokashihakata/nc_21213879/,中洲川端,地下鉄空港線,13,2000-02-01,26,21213879
ロイヤルマンション六本松,6500,福岡県福岡市中央区梅光園１,地下鉄七隈線「六本松」徒歩6分,87.12,2LDK,1989年1月,https://suumo.jp//ms/chuko/fukuoka/sc_fukuokashichuo/nc_21108936/,六本松,地下鉄七隈線,6,1989-01-01,37,21108936
ロイヤルマンション六本松,6500,福岡県福岡市中央区梅光園１,地下鉄七隈線「六本松」徒歩6分,87.12,2LDK,1989年1月,https://suumo.jp//ms/chuko/fukuoka/sc_fukuokashichuo/nc_20127824/,六本松,地下鉄七隈線,6,1989-01-01,37,20127824
ロイヤルマンション六本松,6500,福岡県福岡市中央区梅光園１-1-5,地下鉄七隈線「六本松」徒歩6分,87.12,2LDK,1989年1月,https://suumo.jp//ms/chuko/fukuoka/sc_fukuokashichuo/nc_20752967/,六本松,地下鉄七隈線,6,1989-01-01,37,20752967
ロイヤルマンション六本松,6500,福岡県福岡市中央区梅光園１,地下鉄七隈線「六本松」徒歩6分,87.12,2LDK,1989年1月,https://suumo.jp//ms/chuko/fukuoka/sc_fukuokashichuo/nc_20869936/,六本松,地下鉄七隈線,6,1989-01-01,37,20869936
シティタワー西新,6580,福岡県福岡市早良区城西３,地下鉄空港線「西新」徒歩3分,57.37,2LDK,2012年10月,https://suumo.jp//ms/chuko/fukuoka/sc_fukuokashisawara/nc_21085432/,西新,地下鉄空港線,3,2012-10-01,14,21085432
グランドパレス百道,6580,福岡県福岡市早良区百道３,地下鉄空港線「藤崎」徒歩8分,62.61,2LDK,2022年1月,https://suumo.jp//ms/chuko/fukuoka/sc_fukuokashisawara/nc_21281673/,藤崎,地下鉄空港線,8,2022-01-01,4,21281673
グランディア百道浜通り,6580,福岡県福岡市早良区西新２,地下鉄空港線「西新」徒歩10分,68.66,3LDK,2006年4月,https://suumo.jp//ms/chuko/fukuoka/sc_fukuokashisawara/nc_21277287/,西新,地下鉄空港線,10,2006-04-01,20,21277287
ソレイユ赤坂南,6599,福岡県福岡市中央区六本松３,地下鉄七隈線「桜坂」徒歩6分,96.95,4LDK,1989年10月,https://suumo.jp//ms/chuko/fukuoka/sc_fukuokashichuo/nc_20926886/,桜坂,地下鉄七隈線,6,1989-10-01,37,20926886
シーサイドももちヴェルデコート6番館,6680,福岡県福岡市早良区百道浜３,地下鉄空港線「藤崎」徒歩11分,94.47,3LDK,1991年7月,https://suumo.jp//ms/chuko/fukuoka/sc_fukuokashisawara/nc_21466296/,藤崎,地下鉄空港線,11,1991-07-01,35,21466296
クレアホームズ赤坂けやきの杜,6680,福岡県福岡市中央区六本松３,地下鉄七隈線「桜坂」徒歩6分,79.12,2LDK,2003年3月,https://suumo.jp//ms/chuko/fukuoka/sc_fukuokashichuo/nc_20976402/,桜坂,地下鉄七隈線,6,2003-03-01,23,20976402
クレアホームズ赤坂けやきの杜,6680,福岡県福岡市中央区六本松３,地下鉄七隈線「桜坂」徒歩6分,79.12,2LDK,2003年3月,https://suumo.jp//ms/chuko/fukuoka/sc_fukuokashichuo/nc_20551813/,桜坂,地下鉄七隈線,6,2003-03-01,23,20551813
シーサイドももちヴェルデコート　６番館,6680,福岡県福岡市早良区百道浜３,地下鉄空港線「藤崎」徒歩11分,94.47,3LDK,1991年7月,https://suumo.jp//ms/chuko/fukuoka/sc_fukuokashisawara/nc_21478021/,藤崎,地下鉄空港線,11,1991-07-01,35,21478021
シーサイドももちヴェルデコート６番館,6680,福岡県福岡市早良区百道浜３,地下鉄空港線「藤崎」徒歩10分,94.47,3LDK,1991年7月,https://suumo.jp//ms/chuko/fukuoka/sc_fukuokashisawara/nc_21477075/,藤崎,地下鉄空港線,10,1991-07-01,35,21477075
アドリーム天神,6680,福岡県福岡市中央区今泉２,地下鉄七隈線「薬院大通」徒歩5分,76.53,2LDK+S（納戸）,1999年6月,https://suumo.jp//ms/chuko/fukuoka/sc_fukuokashichuo/nc_21543377/,薬院大通,地下鉄七隈線,5,1999-06-01,27,21543377
ネオヒューマインド別府駅前,6700,福岡県福岡市城南区別府２,地下鉄七隈線「別府」徒歩3分,79.56,2LDK,2009年6月,https://suumo.jp//ms/chuko/fukuoka/sc_fukuokashijonan/nc_21188017/,別府,地下鉄七隈線,3,2009-06-01,17,21188017
ブライト・サンリヤン藤崎二丁目,6780,福岡県福岡市早良区藤崎２,地下鉄空港線「藤崎」徒歩9分,91.8,4LDK,2012年2月,https://suumo.jp//ms/chuko/fukuoka/sc_fukuokashisawara/nc_20763545/,藤崎,地下鉄空港線,9,2012-02-01,14,20763545
アドリーム西新二丁目,6790,福岡県福岡市早良区西新２,地下鉄空港線「西新」徒歩6分,72.59,3LDK,1997年4月,https://suumo.jp//ms/chuko/fukuoka/sc_fukuokashisawara/nc_21006243/,西新,地下鉄空港線,6,1997-04-01,29,21006243
サーパス城南,6799,福岡県福岡市城南区田島１,地下鉄七隈線「別府」徒歩12分,94.85,4LDK,2007年1月,https://suumo.jp//ms/chuko/fukuoka/sc_fukuokashijonan/nc_21327705/,別府,地下鉄七隈線,12,2007-01-01,19,21327705
サーパス城南,6799,福岡県福岡市城南区田島１,地下鉄七隈線「別府」徒歩13分,94.85,4LDK,2007年1月,https://suumo.jp//ms/chuko/fukuoka/sc_fukuokashijonan/nc_21427034/,別府,地下鉄七隈線,13,2007-01-01,19,21427034
レーベン福岡天神　ＯＮＥ　ＴＯＷＥＲ,6880,福岡県福岡市中央区天神５-4-1,地下鉄空港線「天神」徒歩9分,43.7,1LDK,2024年1月,https://suumo.jp//ms/chuko/fukuoka/sc_fukuokashichuo/nc_20689977/,天神,地下鉄空港線,9,2024-01-01,2,20689977
アクロス天神センタープラザ,6880,福岡県福岡市中央区渡辺通３,地下鉄七隈線「渡辺通」徒歩6分,71.11,2LDK,2005年7月,https://suumo.jp//ms/chuko/fukuoka/sc_fukuokashichuo/nc_78982914/,渡辺通,地下鉄七隈線,6,2005-07-01,21,78982914
ブランシエラ赤坂はなみずき通り,6880,福岡県福岡市中央区桜坂１,地下鉄七隈線「桜坂」徒歩5分,60.26,2LDK,2020年8月,https://suumo.jp//ms/chuko/fukuoka/sc_fukuokashichuo/nc_21314557/,桜坂,地下鉄七隈線,5,2020-08-01,6,21314557
大濠公園パーク・ホームズ,6880,福岡県福岡市中央区今川１,地下鉄空港線「唐人町」徒歩8分,71.19,3LDK,2000年11月,https://suumo.jp//ms/chuko/fukuoka/sc_fukuokashichuo/nc_21126561/,唐人町,地下鉄空港線,8,2000-11-01,26,21126561
ライオンズ大濠公園グランゲイト,6980,福岡県福岡市中央区大手門２,地下鉄空港線「大濠公園」徒歩7分,77.04,3LDK,2015年2月,https://suumo.jp//ms/chuko/fukuoka/sc_fukuokashichuo/nc_21468611/,大濠公園,地下鉄空港線,7,2015-02-01,11,21468611
サングレート別府アカデミニアム,6980,福岡県福岡市城南区別府４,地下鉄七隈線「別府」徒歩3分,81.56,3LDK,2007年4月,https://suumo.jp//ms/chuko/fukuoka/sc_fukuokashijonan/nc_21104109/,別府,地下鉄七隈線,3,2007-04-01,19,21104109
東峰マンションアーバンスクエア博多駅,6980,福岡県福岡市博多区博多駅南１,ＪＲ鹿児島本線「博多」徒歩8分,73.32,3LDK,2000年11月,https://suumo.jp//ms/chuko/fukuoka/sc_fukuokashihakata/nc_21255250/,博多,ＪＲ鹿児島本線,8,2000-11-01,26,21255250
デュ・レジア薬院テラス,6980,福岡県福岡市中央区高砂２-１８－１０,地下鉄七隈線「渡辺通」徒歩12分,63.0,2LDK,2022年3月,https://suumo.jp//ms/chuko/fukuoka/sc_fukuokashichuo/nc_21240342/,渡辺通,地下鉄七隈線,12,2022-03-01,4,21240342
ロイヤルマンション大濠セーヌ,6980,福岡県福岡市中央区草香江２,地下鉄七隈線「六本松」徒歩7分,71.25,2LDK+S（納戸）,2003年10月,https://suumo.jp//ms/chuko/fukuoka/sc_fukuokashichuo/nc_20780549/,六本松,地下鉄七隈線,7,2003-10-01,23,20780549
アソシアビュー博多アドレス,6980,福岡県福岡市博多区豊１,地下鉄空港線「博多」徒歩14分,84.28,4LDK,2015年2月,https://suumo.jp//ms/chuko/fukuoka/sc_fukuokashihakata/nc_20594449/,博多,地下鉄空港線,14,2015-02-01,11,20594449
アンピール空港通りⅡ,6980,福岡県福岡市博多区豊２,地下鉄空港線「東比恵」徒歩12分,105.28,4LDK,2009年3月,https://suumo.jp//ms/chuko/fukuoka/sc_fukuokashihakata/nc_79015072/,東比恵,地下鉄空港線,12,2009-03-01,17,79015072
コスモシティ地行,6980,福岡県福岡市中央区地行４,地下鉄空港線「唐人町」徒歩5分,91.01,4LDK,2002年3月,https://suumo.jp//ms/chuko/fukuoka/sc_fukuokashichuo/nc_20737937/,唐人町,地下鉄空港線,5,2002-03-01,24,20737937
ＪＱ浄水東通り,6980,福岡県福岡市中央区薬院４,地下鉄七隈線「薬院大通」徒歩5分,67.58,1LDK,2006年9月,https://suumo.jp//ms/chuko/fukuoka/sc_fukuokashichuo/nc_21468612/,薬院大通,地下鉄七隈線,5,2006-09-01,20,21468612
モントーレセントラルベイコート,6980,福岡県福岡市中央区長浜３,地下鉄空港線「大濠公園」徒歩10分,68.07,2LDK+S（納戸）,2014年1月,https://suumo.jp//ms/chuko/fukuoka/sc_fukuokashichuo/nc_21054604/,大濠公園,地下鉄空港線,10,2014-01-01,12,21054604
ＭＪＲ百道二丁目,6980,福岡県福岡市早良区百道２,地下鉄空港線「藤崎」徒歩5分,91.74,3LDK,2007年1月,https://suumo.jp//ms/chuko/fukuoka/sc_fukuokashisawara/nc_21077565/,藤崎,地下鉄空港線,5,2007-01-01,19,21077565
ジオ・イニシア博多駅前,6980,福岡県福岡市博多区博多駅前４,地下鉄空港線「博多」徒歩11分,75.35,3LDK,2009年8月,https://suumo.jp//ms/chuko/fukuoka/sc_fukuokashihakata/nc_21143214/,博多,地下鉄空港線,11,2009-08-01,17,21143214
ロワールガーデン西公園東２,6980,福岡県福岡市中央区港１,地下鉄空港線「大濠公園」徒歩7分,73.15,3LDK,2000年6月,https://suumo.jp//ms/chuko/fukuoka/sc_fukuokashichuo/nc_21460978/,大濠公園,地下鉄空港線,7,2000-06-01,26,21460978
モントーレ西公園アヴァンティ,6990,福岡県福岡市中央区荒戸２,地下鉄空港線「大濠公園」徒歩7分,84.76,4LDK,2013年3月,https://suumo.jp//ms/chuko/fukuoka/sc_fukuokashichuo/nc_21195846/,大濠公園,地下鉄空港線,7,2013-03-01,13,21195846
ヴェルビュ警固,6990,福岡県福岡市中央区警固３,地下鉄七隈線「薬院大通」徒歩9分,88.56,4LDK,1996年3月,https://suumo.jp//ms/chuko/fukuoka/sc_fukuokashichuo/nc_21484087/,薬院大通,地下鉄七隈線,9,1996-03-01,30,21484087
コスモ警固ロイヤルフォルム,7080,福岡県福岡市中央区警固１,地下鉄空港線「赤坂」徒歩6分,66.18,3LDK,2001年8月,https://suumo.jp//ms/chuko/fukuoka/sc_fukuokashichuo/nc_21283566/,赤坂,地下鉄空港線,6,2001-08-01,25,21283566
コスモ警固ロイヤルフォルム,7080,福岡県福岡市中央区警固１,地下鉄空港線「赤坂」徒歩8分,66.18,3LDK,2001年8月,https://suumo.jp//ms/chuko/fukuoka/sc_fukuokashichuo/nc_20648503/,赤坂,地下鉄空港線,8,2001-08-01,25,20648503
ロワールマンション西公園東,7180,福岡県福岡市中央区港２,地下鉄空港線「大濠公園」徒歩6分,79.89,3LDK,1999年1月,https://suumo.jp//ms/chuko/fukuoka/sc_fukuokashichuo/nc_21105484/,大濠公園,地下鉄空港線,6,1999-01-01,27,21105484
ロワールマンション西公園東,7180,福岡県福岡市中央区港２,地下鉄空港線「大濠公園」徒歩6分,79.89,3LDK,1999年1月,https://suumo.jp//ms/chuko/fukuoka/sc_fukuokashichuo/nc_21035179/,大濠公園,地下鉄空港線,6,1999-01-01,27,21035179
パークホームズ西新トラッドマークス,7190,福岡県福岡市早良区西新２,地下鉄空港線「西新」徒歩3分,67.72,2LDK,2018年5月,https://suumo.jp//ms/chuko/fukuoka/sc_fukuokashisawara/nc_20601934/,西新,地下鉄空港線,3,2018-05-01,8,20601934
コスモ六本松シティフォルム,7199,福岡県福岡市中央区草香江２-1-13,地下鉄七隈線「六本松」徒歩5分,70.58,3LDK,2000年2月,https://suumo.jp//ms/chuko/fukuoka/sc_fukuokashichuo/nc_21392123/,六本松,地下鉄七隈線,5,2000-02-01,26,21392123
コスモ六本松シティフォルム,7199,福岡県福岡市中央区草香江２-1-13,地下鉄七隈線「六本松」徒歩4分,70.58,3LDK,2000年2月,https://suumo.jp//ms/chuko/fukuoka/sc_fukuokashichuo/nc_21042545/,六本松,地下鉄七隈線,4,2000-02-01,26,21042545
コスモ六本松シティフォルム,7199,福岡県福岡市中央区草香江２,地下鉄七隈線「六本松」徒歩5分,70.58,3LDK,2000年2月,https://suumo.jp//ms/chuko/fukuoka/sc_fukuokashichuo/nc_21183807/,六本松,地下鉄七隈線,5,2000-02-01,26,21183807
グランドメゾン薬院ザ・タワーレジデンス,7199,福岡県福岡市中央区薬院３,地下鉄七隈線「薬院大通」徒歩5分,53.67,1LDK,2022年6月,https://suumo.jp//ms/chuko/fukuoka/sc_fukuokashichuo/nc_21396994/,薬院大通,地下鉄七隈線,5,2022-06-01,4,21396994
コスモ六本松シティフォルム,7199,福岡県福岡市中央区草香江２,地下鉄七隈線「六本松」徒歩4分,70.58,3LDK,2000年2月,https://suumo.jp//ms/chuko/fukuoka/sc_fukuokashichuo/nc_21241587/,六本松,地下鉄七隈線,4,2000-02-01,26,21241587
コスモ六本松シティフォルム,7199,福岡県福岡市中央区草香江２,地下鉄七隈線「六本松」徒歩3分,70.58,3LDK,2000年2月,https://suumo.jp//ms/chuko/fukuoka/sc_fukuokashichuo/nc_20704735/,六本松,地下鉄七隈線,3,2000-02-01,26,20704735
コスモ六本松シティフォルム,7199,福岡県福岡市中央区草香江２-1-13,地下鉄七隈線「六本松」徒歩3分,70.58,3LDK,2000年2月,https://suumo.jp//ms/chuko/fukuoka/sc_fukuokashichuo/nc_21089885/,六本松,地下鉄七隈線,3,2000-02-01,26,21089885
グランドメゾン薬院ザ・タワーレジデンス,7199,福岡県福岡市中央区薬院３,地下鉄七隈線「薬院大通」徒歩5分,53.67,1LDK,2022年6月,https://suumo.jp//ms/chuko/fukuoka/sc_fukuokashichuo/nc_21029231/,薬院大通,地下鉄七隈線,5,2022-06-01,4,21029231
コスモ六本松シティフォルム,7199,福岡県福岡市中央区草香江２,地下鉄七隈線「六本松」徒歩4分,70.58,3LDK,2000年2月,https://suumo.jp//ms/chuko/fukuoka/sc_fukuokashichuo/nc_20628876/,六本松,地下鉄七隈線,4,2000-02-01,26,20628876
コスモ六本松シティフォルム,7199,福岡県福岡市中央区草香江２,地下鉄七隈線「六本松」徒歩4分,70.58,3LDK,2000年2月,https://suumo.jp//ms/chuko/fukuoka/sc_fukuokashichuo/nc_20577275/,六本松,地下鉄七隈線,4,2000-02-01,26,20577275
コスモ六本松シティフォルム,7199,福岡県福岡市中央区草香江２-1-13,地下鉄七隈線「六本松」徒歩4分,70.58,3LDK,2000年2月,https://suumo.jp//ms/chuko/fukuoka/sc_fukuokashichuo/nc_20723653/,六本松,地下鉄七隈線,4,2000-02-01,26,20723653
コスモ六本松シティフォルム,7199,福岡県福岡市中央区草香江２,地下鉄七隈線「六本松」徒歩4分,70.58,3LDK,2000年2月,https://suumo.jp//ms/chuko/fukuoka/sc_fukuokashichuo/nc_20703963/,六本松,地下鉄七隈線,4,2000-02-01,26,20703963
グランドメゾン薬院ザ・タワーレジデンス,7199,福岡県福岡市中央区薬院３,西鉄天神大牟田線「薬院」徒歩8分,53.67,1LDK,2022年6月,https://suumo.jp//ms/chuko/fukuoka/sc_fukuokashichuo/nc_21254834/,薬院,西鉄天神大牟田線,8,2022-06-01,4,21254834
コスモ六本松シティフォルム,7199,福岡県福岡市中央区草香江２,地下鉄七隈線「六本松」徒歩4分,70.58,3LDK,2000年2月,https://suumo.jp//ms/chuko/fukuoka/sc_fukuokashichuo/nc_20595839/,六本松,地下鉄七隈線,4,2000-02-01,26,20595839
パークホームズ六本松フォレストクロス,7200,福岡県福岡市中央区輝国２-24-25,地下鉄七隈線「六本松」徒歩12分,69.32,3LDK,2022年11月,https://suumo.jp//ms/chuko/fukuoka/sc_fukuokashichuo/nc_21039581/,六本松,地下鉄七隈線,12,2022-11-01,4,21039581
クリオラベルヴィ西新グランクラス,7200,福岡県福岡市早良区西新１,地下鉄空港線「西新」徒歩1分,52.2,2LDK,2025年8月,https://suumo.jp//ms/chuko/fukuoka/sc_fukuokashisawara/nc_21358535/,西新,地下鉄空港線,1,2025-08-01,1,21358535
クリオラベルヴィ西新グランクラス,7200,福岡県福岡市早良区西新１,地下鉄空港線「西新」徒歩1分,52.2,2LDK,2025年8月,https://suumo.jp//ms/chuko/fukuoka/sc_fukuokashisawara/nc_21427028/,西新,地下鉄空港線,1,2025-08-01,1,21427028
アンピール西新,7200,福岡県福岡市早良区城西３,地下鉄空港線「西新」徒歩8分,93.58,4LDK,2004年5月,https://suumo.jp//ms/chuko/fukuoka/sc_fukuokashisawara/nc_21450802/,西新,地下鉄空港線,8,2004-05-01,22,21450802
ザ・パークハウス福岡タワーズ　EAST,7200,福岡県福岡市中央区地行浜２,地下鉄空港線「唐人町」徒歩12分,61.74,1LDK,2020年12月,https://suumo.jp//ms/chuko/fukuoka/sc_fukuokashichuo/nc_21404251/,唐人町,地下鉄空港線,12,2020-12-01,6,21404251
アンピール西新,7200,福岡県福岡市早良区城西３-12－27,地下鉄空港線「西新」徒歩10分,93.58,4LDK,2004年5月,https://suumo.jp//ms/chuko/fukuoka/sc_fukuokashisawara/nc_20721532/,西新,地下鉄空港線,10,2004-05-01,22,20721532
アンピール西新,7200,福岡県福岡市早良区城西３-12-27,地下鉄空港線「西新」徒歩9分,93.58,4LDK,2004年5月,https://suumo.jp//ms/chuko/fukuoka/sc_fukuokashisawara/nc_20986251/,西新,地下鉄空港線,9,2004-05-01,22,20986251
パークホームズ六本松フォレストクロス,7280,福岡県福岡市中央区輝国２,地下鉄七隈線「六本松」徒歩11分,69.1,3LDK,2022年11月,https://suumo.jp//ms/chuko/fukuoka/sc_fukuokashichuo/nc_21355223/,六本松,地下鉄七隈線,11,2022-11-01,4,21355223
サーパス平尾駅前　6階,7280,福岡県福岡市中央区平尾２,地下鉄七隈線「薬院大通」徒歩15分,81.97,4LDK,2000年1月,https://suumo.jp//ms/chuko/fukuoka/sc_fukuokashichuo/nc_21211448/,薬院大通,地下鉄七隈線,15,2000-01-01,26,21211448
サンリヤン西新弐番館,7290,福岡県福岡市早良区西新２,地下鉄空港線「西新」徒歩7分,86.06,3LDK+S（納戸）,2002年3月,https://suumo.jp//ms/chuko/fukuoka/sc_fukuokashisawara/nc_21469810/,西新,地下鉄空港線,7,2002-03-01,24,21469810
モントーレ地行スクエア,7300,福岡県福岡市中央区地行３,地下鉄空港線「唐人町」徒歩8分,92.76,4LDK,2000年2月,https://suumo.jp//ms/chuko/fukuoka/sc_fukuokashichuo/nc_21314765/,唐人町,地下鉄空港線,8,2000-02-01,26,21314765
グランドメゾン赤坂けやきレジデンス,7380,福岡県福岡市中央区赤坂２,地下鉄空港線「赤坂」徒歩8分,63.59,ワンルーム,2018年6月,https://suumo.jp//ms/chuko/fukuoka/sc_fukuokashichuo/nc_21416982/,赤坂,地下鉄空港線,8,2018-06-01,8,21416982
アクロス天神センタープラザ,7450,福岡県福岡市中央区渡辺通３,地下鉄七隈線「渡辺通」徒歩5分,82.26,4LDK,2005年7月,https://suumo.jp//ms/chuko/fukuoka/sc_fukuokashichuo/nc_21019427/,渡辺通,地下鉄七隈線,5,2005-07-01,21,21019427
アクタス渡辺通パークシティ,7480,福岡県福岡市中央区清川２,地下鉄七隈線「渡辺通」徒歩9分,78.47,3LDK,2010年2月,https://suumo.jp//ms/chuko/fukuoka/sc_fukuokashichuo/nc_21520889/,渡辺通,地下鉄七隈線,9,2010-02-01,16,21520889
アクタス渡辺通パークシティ,7480,福岡県福岡市中央区清川２,地下鉄七隈線「渡辺通」徒歩9分,78.47,3LDK,2010年3月,https://suumo.jp//ms/chuko/fukuoka/sc_fukuokashichuo/nc_20946419/,渡辺通,地下鉄七隈線,9,2010-03-01,16,20946419
ザ・パークハウス桜坂サンリヤン,7480,福岡県福岡市中央区桜坂３,地下鉄七隈線「桜坂」徒歩3分,62.55,2LDK,2018年9月,https://suumo.jp//ms/chuko/fukuoka/sc_fukuokashichuo/nc_21120571/,桜坂,地下鉄七隈線,3,2018-09-01,8,21120571
コアマンション百道プレジオ,7480,福岡県福岡市早良区百道１,地下鉄空港線「藤崎」徒歩8分,92.96,3LDK,2006年2月,https://suumo.jp//ms/chuko/fukuoka/sc_fukuokashisawara/nc_21084676/,藤崎,地下鉄空港線,8,2006-02-01,20,21084676
アーバンパレスアクス大濠,7480,福岡県福岡市中央区荒戸３,地下鉄空港線「唐人町」徒歩6分,95.62,3LDK,1995年10月,https://suumo.jp//ms/chuko/fukuoka/sc_fukuokashichuo/nc_21045223/,唐人町,地下鉄空港線,6,1995-10-01,31,21045223
ザ・パークハウス福岡タワーズＥＡＳＴ,7490,福岡県福岡市中央区地行浜２,地下鉄空港線「唐人町」徒歩12分,64.28,2LDK,2020年12月,https://suumo.jp//ms/chuko/fukuoka/sc_fukuokashichuo/nc_78635330/,唐人町,地下鉄空港線,12,2020-12-01,6,78635330
グランフォーレ西公園ザ・パークサイド,7499,福岡県福岡市中央区西公園,地下鉄空港線「大濠公園」徒歩10分,75.03,3LDK,2012年7月,https://suumo.jp//ms/chuko/fukuoka/sc_fukuokashichuo/nc_20974195/,大濠公園,地下鉄空港線,10,2012-07-01,14,20974195
シティタワー大濠,7499,福岡県福岡市中央区六本松３,地下鉄七隈線「六本松」徒歩8分,76.68,3LDK,2000年3月,https://suumo.jp//ms/chuko/fukuoka/sc_fukuokashichuo/nc_21410414/,六本松,地下鉄七隈線,8,2000-03-01,26,21410414
ミスモ薬院ネクスト,7500,福岡県福岡市中央区高砂１,地下鉄七隈線「薬院」徒歩6分,52.7,2LDK,2026年4月,https://suumo.jp//ms/chuko/fukuoka/sc_fukuokashichuo/nc_20952167/,薬院,地下鉄七隈線,6,2026-04-01,0,20952167
アルテマインド室見,7580,福岡県福岡市早良区室見２,地下鉄空港線「藤崎」徒歩7分,83.52,3LDK,2012年3月,https://suumo.jp//ms/chuko/fukuoka/sc_fukuokashisawara/nc_21363158/,藤崎,地下鉄空港線,7,2012-03-01,14,21363158
薬院中央パーク・ホームズ　ウエストコート,7620,福岡県福岡市中央区薬院２,地下鉄七隈線「薬院大通」徒歩2分,84.58,4LDK,1998年8月,https://suumo.jp//ms/chuko/fukuoka/sc_fukuokashichuo/nc_21056077/,薬院大通,地下鉄七隈線,2,1998-08-01,28,21056077
室見二丁目パーク・マンション,7650,福岡県福岡市早良区室見２,地下鉄空港線「藤崎」徒歩7分,137.36,4LDK,1995年3月,https://suumo.jp//ms/chuko/fukuoka/sc_fukuokashisawara/nc_20577787/,藤崎,地下鉄空港線,7,1995-03-01,31,20577787
JGMロイヤルガーデン御所ケ谷,7680,福岡県福岡市中央区御所ヶ谷5-21,地下鉄七隈線「薬院大通」徒歩11分,96.41,4LDK,2005年7月,https://suumo.jp//ms/chuko/fukuoka/sc_fukuokashichuo/nc_21212537/,薬院大通,地下鉄七隈線,11,2005-07-01,21,21212537
パークホームズ大濠公園フロント,7680,福岡県福岡市中央区荒戸１,地下鉄空港線「大濠公園」徒歩2分,53.61,2LDK,2025年3月,https://suumo.jp//ms/chuko/fukuoka/sc_fukuokashichuo/nc_21078519/,大濠公園,地下鉄空港線,2,2025-03-01,1,21078519
グランドメゾン赤坂門,7680,福岡県福岡市中央区赤坂１,地下鉄空港線「赤坂」徒歩5分,53.19,1LDK,2005年6月,https://suumo.jp//ms/chuko/fukuoka/sc_fukuokashichuo/nc_21137025/,赤坂,地下鉄空港線,5,2005-06-01,21,21137025
アダージュ薬院壱番館,7700,福岡県福岡市中央区薬院２-5-42,地下鉄七隈線「薬院大通」徒歩2分,77.11,2LDK,2002年3月,https://suumo.jp//ms/chuko/fukuoka/sc_fukuokashichuo/nc_21357823/,薬院大通,地下鉄七隈線,2,2002-03-01,24,21357823
グランドメゾン大濠南,7730,福岡県福岡市中央区草香江２,地下鉄七隈線「六本松」徒歩3分,98.79,4LDK,2001年11月,https://suumo.jp//ms/chuko/fukuoka/sc_fukuokashichuo/nc_20469730/,六本松,地下鉄七隈線,3,2001-11-01,25,20469730
コアマンション桜坂プレジオ弐番館,7780,福岡県福岡市中央区六本松３,地下鉄七隈線「桜坂」徒歩4分,103.4,3LDK+S（納戸）,2001年1月,https://suumo.jp//ms/chuko/fukuoka/sc_fukuokashichuo/nc_20059581/,桜坂,地下鉄七隈線,4,2001-01-01,25,20059581
コアマンション桜坂プレジオ弐番館,7780,福岡県福岡市中央区六本松３,地下鉄七隈線「桜坂」徒歩5分,103.4,4LDK,2001年1月,https://suumo.jp//ms/chuko/fukuoka/sc_fukuokashichuo/nc_20874952/,桜坂,地下鉄七隈線,5,2001-01-01,25,20874952
コアマンション桜坂プレジオ弐番館,7780,福岡県福岡市中央区六本松３,地下鉄七隈線「桜坂」徒歩4分,103.4,3LDK+S（納戸）,2001年1月,https://suumo.jp//ms/chuko/fukuoka/sc_fukuokashichuo/nc_20091541/,桜坂,地下鉄七隈線,4,2001-01-01,25,20091541
ネオグランデ赤坂　605号,7800,福岡県福岡市中央区赤坂２,地下鉄空港線「赤坂」徒歩10分,90.53,2LDK,2001年3月,https://suumo.jp//ms/chuko/fukuoka/sc_fukuokashichuo/nc_21450691/,赤坂,地下鉄空港線,10,2001-03-01,25,21450691
ウェルリバービュー天神,7800,福岡県福岡市博多区中洲中島町,地下鉄箱崎線「中洲川端」徒歩6分,88.14,4LDK,2006年3月,https://suumo.jp//ms/chuko/fukuoka/sc_fukuokashihakata/nc_21300757/,中洲川端,地下鉄箱崎線,6,2006-03-01,20,21300757
フリーディア西新レジデンス,7830,福岡県福岡市早良区西新７,地下鉄空港線「藤崎」徒歩5分,72.93,1LDK,2024年2月,https://suumo.jp//ms/chuko/fukuoka/sc_fukuokashisawara/nc_20245114/,藤崎,地下鉄空港線,5,2024-02-01,2,20245114
マークネクスト鳥飼,7880,福岡県福岡市城南区鳥飼７,地下鉄七隈線「別府」徒歩6分,66.18,3LDK,2023年8月,https://suumo.jp//ms/chuko/fukuoka/sc_fukuokashijonan/nc_21258396/,別府,地下鉄七隈線,6,2023-08-01,3,21258396
コアマンション桜坂プレジオ弐番館,7890,福岡県福岡市中央区六本松３,地下鉄七隈線「桜坂」徒歩4分,103.4,3LDK+S（納戸）,2001年1月,https://suumo.jp//ms/chuko/fukuoka/sc_fukuokashichuo/nc_20207719/,桜坂,地下鉄七隈線,4,2001-01-01,25,20207719
MJR博多ザ・レジデンス,7900,福岡県福岡市博多区美野島１,ＪＲ鹿児島本線「博多」徒歩13分,70.1,2LDK,2025年1月,https://suumo.jp//ms/chuko/fukuoka/sc_fukuokashihakata/nc_20370112/,博多,ＪＲ鹿児島本線,13,2025-01-01,1,20370112
コアマンション百道プレジオ,7980,福岡県福岡市早良区百道１,地下鉄空港線「藤崎」徒歩8分,93.57,3LDK,2006年2月,https://suumo.jp//ms/chuko/fukuoka/sc_fukuokashisawara/nc_20684091/,藤崎,地下鉄空港線,8,2006-02-01,20,20684091
六本松パークホームズ,7980,福岡県福岡市中央区梅光園１,地下鉄七隈線「六本松」徒歩5分,141.91,4LDK+S（納戸）,1991年8月,https://suumo.jp//ms/chuko/fukuoka/sc_fukuokashichuo/nc_20956553/,六本松,地下鉄七隈線,5,1991-08-01,35,20956553
ザ・パークハウス藤崎紅葉山,7980,福岡県福岡市早良区昭代３,地下鉄空港線「藤崎」徒歩10分,70.44,3LDK,2021年12月,https://suumo.jp//ms/chuko/fukuoka/sc_fukuokashisawara/nc_21462299/,藤崎,地下鉄空港線,10,2021-12-01,5,21462299
インプレスト天神オークタワー,7980,福岡県福岡市中央区長浜２,地下鉄空港線「赤坂」徒歩9分,78.67,3LDK,2020年5月,https://suumo.jp//ms/chuko/fukuoka/sc_fukuokashichuo/nc_21328633/,赤坂,地下鉄空港線,9,2020-05-01,6,21328633
プレサンスロジェ薬院二丁目,7980,福岡県福岡市中央区薬院２,地下鉄七隈線「薬院大通」徒歩3分,65.57,2LDK+S（納戸）,2020年10月,https://suumo.jp//ms/chuko/fukuoka/sc_fukuokashichuo/nc_21113400/,薬院大通,地下鉄七隈線,3,2020-10-01,6,21113400
モントーレ舞鶴ベイレジデンス,7990,福岡県福岡市中央区港１,地下鉄空港線「大濠公園」徒歩10分,76.25,3LDK,2019年6月,https://suumo.jp//ms/chuko/fukuoka/sc_fukuokashichuo/nc_21269002/,大濠公園,地下鉄空港線,10,2019-06-01,7,21269002
ザ・パークハウス桜坂サンリヤン,7990,福岡県福岡市中央区桜坂３,地下鉄七隈線「桜坂」徒歩3分,70.74,3LDK,2018年9月,https://suumo.jp//ms/chuko/fukuoka/sc_fukuokashichuo/nc_20452057/,桜坂,地下鉄七隈線,3,2018-09-01,8,20452057
モントーレ舞鶴ベイレジデンス,7990,福岡県福岡市中央区港１,地下鉄空港線「大濠公園」徒歩11分,76.25,3LDK,2019年6月,https://suumo.jp//ms/chuko/fukuoka/sc_fukuokashichuo/nc_21281554/,大濠公園,地下鉄空港線,11,2019-06-01,7,21281554
グリーンマンション平尾,7999,福岡県福岡市中央区平尾２,西鉄天神大牟田線「薬院」徒歩14分,85.9,3LDK,1996年4月,https://suumo.jp//ms/chuko/fukuoka/sc_fukuokashichuo/nc_21540468/,薬院,西鉄天神大牟田線,14,1996-04-01,30,21540468
ブライトパークサンリヤン地行,8050,福岡県福岡市中央区地行２,地下鉄空港線「西新」徒歩6分,73.59,3LDK,2012年3月,https://suumo.jp//ms/chuko/fukuoka/sc_fukuokashichuo/nc_21460982/,西新,地下鉄空港線,6,2012-03-01,14,21460982
ＭＪＲ博多ザ・レジデンス,8100,福岡県福岡市博多区美野島１,ＪＲ鹿児島本線「博多」徒歩13分,70.49,3LDK,2025年1月,https://suumo.jp//ms/chuko/fukuoka/sc_fukuokashihakata/nc_20014031/,博多,ＪＲ鹿児島本線,13,2025-01-01,1,20014031
コアマンション百道プレジオ,8100,福岡県福岡市早良区百道１,地下鉄空港線「藤崎」徒歩9分,92.92,3LDK+S（納戸）,2006年2月,https://suumo.jp//ms/chuko/fukuoka/sc_fukuokashisawara/nc_21195610/,藤崎,地下鉄空港線,9,2006-02-01,20,21195610
グランド・サンリヤン西新,8200,福岡県福岡市早良区城西１,地下鉄空港線「西新」徒歩5分,68.73,3LDK,2024年11月,https://suumo.jp//ms/chuko/fukuoka/sc_fukuokashisawara/nc_78823570/,西新,地下鉄空港線,5,2024-11-01,2,78823570
ザ・パークハウス福岡タワーズWEST,8220,福岡県福岡市中央区地行浜２,地下鉄空港線「唐人町」徒歩14分,61.74,2LDK,2019年12月,https://suumo.jp//ms/chuko/fukuoka/sc_fukuokashichuo/nc_21350441/,唐人町,地下鉄空港線,14,2019-12-01,7,21350441
オーヴィジョン六本松レジデンス,8280,福岡県福岡市中央区六本松３,地下鉄七隈線「六本松」徒歩7分,74.53,2LDK,2023年1月,https://suumo.jp//ms/chuko/fukuoka/sc_fukuokashichuo/nc_21452589/,六本松,地下鉄七隈線,7,2023-01-01,3,21452589
グランドサンリヤン大濠２丁目,8280,福岡県福岡市中央区大濠２,地下鉄空港線「唐人町」徒歩7分,69.4,2LDK,2002年3月,https://suumo.jp//ms/chuko/fukuoka/sc_fukuokashichuo/nc_21469825/,唐人町,地下鉄空港線,7,2002-03-01,24,21469825
エステートマンション大濠フローレス,8299,福岡県福岡市中央区鳥飼１,地下鉄七隈線「六本松」徒歩14分,97.42,4LDK,1989年3月,https://suumo.jp//ms/chuko/fukuoka/sc_fukuokashichuo/nc_21405713/,六本松,地下鉄七隈線,14,1989-03-01,37,21405713
エステートマンシヨン大濠フローレス,8299,福岡県福岡市中央区鳥飼１-4-15,地下鉄七隈線「六本松」徒歩14分,97.42,4LDK,1989年3月,https://suumo.jp//ms/chuko/fukuoka/sc_fukuokashichuo/nc_21488185/,六本松,地下鉄七隈線,14,1989-03-01,37,21488185
デュレジア薬院スタンス,8360,福岡県福岡市中央区薬院３,西鉄天神大牟田線「薬院」徒歩6分,60.22,2LDK,2023年2月,https://suumo.jp//ms/chuko/fukuoka/sc_fukuokashichuo/nc_21112525/,薬院,西鉄天神大牟田線,6,2023-02-01,3,21112525
マークネクスト鳥飼,8380,福岡県福岡市城南区鳥飼７,地下鉄七隈線「別府」徒歩6分,71.33,3LDK,2023年8月,https://suumo.jp//ms/chuko/fukuoka/sc_fukuokashijonan/nc_21237187/,別府,地下鉄七隈線,6,2023-08-01,3,21237187
グランドメゾン別府レジデンス,8480,福岡県福岡市城南区別府３,地下鉄七隈線「別府」徒歩2分,70.44,2LDK,2024年1月,https://suumo.jp//ms/chuko/fukuoka/sc_fukuokashijonan/nc_20549076/,別府,地下鉄七隈線,2,2024-01-01,2,20549076
グランドメゾン大濠公園ザ・タワーレジデンス,8480,福岡県福岡市中央区荒戸２,地下鉄空港線「大濠公園」徒歩6分,52.83,2LDK,2021年6月,https://suumo.jp//ms/chuko/fukuoka/sc_fukuokashichuo/nc_21054603/,大濠公園,地下鉄空港線,6,2021-06-01,5,21054603
百道タワー,8500,福岡県福岡市早良区百道浜１-2-6,地下鉄空港線「西新」徒歩10分,90.28,1LDK,2004年2月,https://suumo.jp//ms/chuko/fukuoka/sc_fukuokashisawara/nc_20131070/,西新,地下鉄空港線,10,2004-02-01,22,20131070
百道タワー,8500,福岡県福岡市早良区百道浜１,地下鉄空港線「西新」徒歩10分,90.28,1LDK+S（納戸）,2004年2月,https://suumo.jp//ms/chuko/fukuoka/sc_fukuokashisawara/nc_20577302/,西新,地下鉄空港線,10,2004-02-01,22,20577302
百道タワー,8500,福岡県福岡市早良区百道浜１,地下鉄空港線「西新」徒歩10分,90.28,1LDK,2004年2月,https://suumo.jp//ms/chuko/fukuoka/sc_fukuokashisawara/nc_20455101/,西新,地下鉄空港線,10,2004-02-01,22,20455101
百道タワー,8500,福岡県福岡市早良区百道浜１,地下鉄空港線「西新」徒歩10分,90.28,1LDK,2004年2月,https://suumo.jp//ms/chuko/fukuoka/sc_fukuokashisawara/nc_20612548/,西新,地下鉄空港線,10,2004-02-01,22,20612548
コアマンション大手門タワー,8680,福岡県福岡市中央区大手門１,地下鉄空港線「赤坂」徒歩7分,95.82,3LDK,2003年8月,https://suumo.jp//ms/chuko/fukuoka/sc_fukuokashichuo/nc_20606079/,赤坂,地下鉄空港線,7,2003-08-01,23,20606079
アソシアタワー大濠ベネフィス,8690,福岡県福岡市中央区荒戸３,地下鉄空港線「唐人町」徒歩6分,92.04,4LDK,2005年3月,https://suumo.jp//ms/chuko/fukuoka/sc_fukuokashichuo/nc_21105485/,唐人町,地下鉄空港線,6,2005-03-01,21,21105485
アソシアタワー大濠ベネフィス,8690,福岡県福岡市中央区荒戸３,地下鉄空港線「唐人町」徒歩7分,92.04,4LDK,2005年3月,https://suumo.jp//ms/chuko/fukuoka/sc_fukuokashichuo/nc_20558081/,唐人町,地下鉄空港線,7,2005-03-01,21,20558081
アソシアタワー大濠ベネフィス,8690,福岡県福岡市中央区荒戸３-２－４０,地下鉄空港線「唐人町」徒歩6分,92.04,4LDK,2005年3月,https://suumo.jp//ms/chuko/fukuoka/sc_fukuokashichuo/nc_21040046/,唐人町,地下鉄空港線,6,2005-03-01,21,21040046
アソシアタワー大濠ベネフィス,8690,福岡県福岡市中央区荒戸３,地下鉄空港線「大濠公園」徒歩8分,92.04,4LDK,2005年3月,https://suumo.jp//ms/chuko/fukuoka/sc_fukuokashichuo/nc_21094464/,大濠公園,地下鉄空港線,8,2005-03-01,21,21094464
ザ・パークハウス桜坂サンリヤン,8750,福岡県福岡市中央区桜坂３,地下鉄七隈線「桜坂」徒歩3分,73.6,3LDK,2018年9月,https://suumo.jp//ms/chuko/fukuoka/sc_fukuokashichuo/nc_21029911/,桜坂,地下鉄七隈線,3,2018-09-01,8,21029911
グランドサンリヤン大濠公園パークビュー,8780,福岡県福岡市中央区草香江１,地下鉄七隈線「六本松」徒歩9分,96.91,3LDK,2005年3月,https://suumo.jp//ms/chuko/fukuoka/sc_fukuokashichuo/nc_21062175/,六本松,地下鉄七隈線,9,2005-03-01,21,21062175
百道タワー,8780,福岡県福岡市早良区百道浜１,地下鉄空港線「西新」徒歩10分,81.73,2LDK,2004年2月,https://suumo.jp//ms/chuko/fukuoka/sc_fukuokashisawara/nc_79121075/,西新,地下鉄空港線,10,2004-02-01,22,79121075
グランドメゾン福岡Ｔｈｅ　Ｃｅｎｔｒａｌ　Ｌｕｘｅ,8900,福岡県福岡市中央区渡辺通２,地下鉄七隈線「薬院」徒歩4分,62.25,1LDK,2025年6月,https://suumo.jp//ms/chuko/fukuoka/sc_fukuokashichuo/nc_21530288/,薬院,地下鉄七隈線,4,2025-06-01,1,21530288
ル・サンク大濠公園,8900,福岡県福岡市中央区大手門２,地下鉄空港線「大濠公園」徒歩8分,85.86,2LDK+S（納戸）,2020年6月,https://suumo.jp//ms/chuko/fukuoka/sc_fukuokashichuo/nc_20529132/,大濠公園,地下鉄空港線,8,2020-06-01,6,20529132
ロマネスク赤坂第２,8900,福岡県福岡市中央区赤坂１,地下鉄空港線「赤坂」徒歩4分,113.68,1LDK,1986年7月,https://suumo.jp//ms/chuko/fukuoka/sc_fukuokashichuo/nc_21369193/,赤坂,地下鉄空港線,4,1986-07-01,40,21369193
ライオンズマンション大濠パークサイド,8980,福岡県福岡市中央区鳥飼２,地下鉄空港線「唐人町」徒歩11分,103.85,4LDK,2003年2月,https://suumo.jp//ms/chuko/fukuoka/sc_fukuokashichuo/nc_20785395/,唐人町,地下鉄空港線,11,2003-02-01,23,20785395
ブランシエラ赤坂はなみずき通り,8980,福岡県福岡市中央区桜坂１,地下鉄七隈線「桜坂」徒歩6分,77.39,3LDK,2020年8月,https://suumo.jp//ms/chuko/fukuoka/sc_fukuokashichuo/nc_78841624/,桜坂,地下鉄七隈線,6,2020-08-01,6,78841624
ライオンズヒルズ桜坂,8980,福岡県福岡市中央区桜坂３,地下鉄七隈線「桜坂」徒歩3分,133.27,3LDK,1986年12月,https://suumo.jp//ms/chuko/fukuoka/sc_fukuokashichuo/nc_20933104/,桜坂,地下鉄七隈線,3,1986-12-01,40,20933104
レジデンス百道,8990,福岡県福岡市早良区百道２,地下鉄空港線「藤崎」徒歩3分,83.33,2LDK+S（納戸）,2015年3月,https://suumo.jp//ms/chuko/fukuoka/sc_fukuokashisawara/nc_20511947/,藤崎,地下鉄空港線,3,2015-03-01,11,20511947
ダイアパレス赤坂,8999,福岡県福岡市中央区赤坂２,地下鉄空港線「赤坂」徒歩9分,88.58,4LDK,2001年9月,https://suumo.jp//ms/chuko/fukuoka/sc_fukuokashichuo/nc_21117416/,赤坂,地下鉄空港線,9,2001-09-01,25,21117416
ＭＪＲ博多ザ・レジデンス,9000,福岡県福岡市博多区美野島１,ＪＲ鹿児島本線「博多」徒歩13分,70.1,2LDK,2025年1月,https://suumo.jp//ms/chuko/fukuoka/sc_fukuokashihakata/nc_21442978/,博多,ＪＲ鹿児島本線,13,2025-01-01,1,21442978
グランドメゾン浄水ガーデンシティセントラルフォレスト…,9090,福岡県福岡市中央区薬院４,地下鉄七隈線「薬院大通」徒歩9分,65.42,2LDK,2022年1月,https://suumo.jp//ms/chuko/fukuoka/sc_fukuokashichuo/nc_21187907/,薬院大通,地下鉄七隈線,9,2022-01-01,4,21187907
ザ・パークハウス福岡タワーズ　EAST,9180,福岡県福岡市中央区地行浜２,地下鉄空港線「唐人町」徒歩12分,81.41,3LDK,2020年12月,https://suumo.jp//ms/chuko/fukuoka/sc_fukuokashichuo/nc_20738575/,唐人町,地下鉄空港線,12,2020-12-01,6,20738575
グランドメゾン福岡　The Central Luxe,9200,福岡県福岡市中央区渡辺通２-７－２８,西鉄天神大牟田線「薬院」徒歩2分,63.29,1LDK,2025年6月,https://suumo.jp//ms/chuko/fukuoka/sc_fukuokashichuo/nc_20128719/,薬院,西鉄天神大牟田線,2,2025-06-01,1,20128719
ザ・パークハウス赤坂タワーレジデンス,9280,福岡県福岡市中央区長浜２,地下鉄空港線「赤坂」徒歩7分,78.96,3LDK,2019年7月,https://suumo.jp//ms/chuko/fukuoka/sc_fukuokashichuo/nc_21510275/,赤坂,地下鉄空港線,7,2019-07-01,7,21510275
ライオンズタワー赤坂けやき通り,9280,福岡県福岡市中央区赤坂２,地下鉄空港線「赤坂」徒歩10分,80.11,3LDK,2007年1月,https://suumo.jp//ms/chuko/fukuoka/sc_fukuokashichuo/nc_20954557/,赤坂,地下鉄空港線,10,2007-01-01,19,20954557
ザ・パークハウス赤坂タワーレジデンス,9280,福岡県福岡市中央区長浜２-2-8,地下鉄空港線「赤坂」徒歩6分,78.96,3LDK,2019年7月,https://suumo.jp//ms/chuko/fukuoka/sc_fukuokashichuo/nc_21370583/,赤坂,地下鉄空港線,6,2019-07-01,7,21370583
JGMロイヤルガーデン浄水通り,9350,福岡県福岡市中央区浄水通２－１,地下鉄七隈線「薬院大通」徒歩8分,94.45,3LDK,2004年2月,https://suumo.jp//ms/chuko/fukuoka/sc_fukuokashichuo/nc_21070976/,薬院大通,地下鉄七隈線,8,2004-02-01,22,21070976
サーパス薬院,9480,福岡県福岡市中央区薬院３,西鉄天神大牟田線「薬院」徒歩5分,99.96,4LDK,2003年10月,https://suumo.jp//ms/chuko/fukuoka/sc_fukuokashichuo/nc_20819534/,薬院,西鉄天神大牟田線,5,2003-10-01,23,20819534
グランドメゾン福岡　Ｔｈｅ　Ｃｅｎｔｒａｌ　Ｌｕｘｅ,9480,福岡県福岡市中央区渡辺通２,西鉄天神大牟田線「薬院」徒歩2分,63.29,1LDK,2025年6月,https://suumo.jp//ms/chuko/fukuoka/sc_fukuokashichuo/nc_78661055/,薬院,西鉄天神大牟田線,2,2025-06-01,1,78661055
サーパス薬院,9480,福岡県福岡市中央区薬院３,西鉄天神大牟田線「薬院」徒歩4分,94.77,4LDK,2003年11月,https://suumo.jp//ms/chuko/fukuoka/sc_fukuokashichuo/nc_21428867/,薬院,西鉄天神大牟田線,4,2003-11-01,23,21428867
ザ・パークハウス西新二丁目,9480,福岡県福岡市早良区西新２,地下鉄空港線「西新」徒歩8分,72.32,3LDK,2016年12月,https://suumo.jp//ms/chuko/fukuoka/sc_fukuokashisawara/nc_21469809/,西新,地下鉄空港線,8,2016-12-01,10,21469809
ライオンズ大濠レジデンス,9480,福岡県福岡市中央区草香江２,地下鉄七隈線「六本松」徒歩10分,100.05,3LDK,2007年11月,https://suumo.jp//ms/chuko/fukuoka/sc_fukuokashichuo/nc_20483283/,六本松,地下鉄七隈線,10,2007-11-01,19,20483283
ザ・パークハウス福岡タワーズ　ＥＡＳＴ,9480,福岡県福岡市中央区地行浜２,地下鉄空港線「唐人町」徒歩12分,77.32,2LDK,2020年12月,https://suumo.jp//ms/chuko/fukuoka/sc_fukuokashichuo/nc_21272927/,唐人町,地下鉄空港線,12,2020-12-01,6,21272927
グランドメゾン赤坂１丁目,9500,福岡県福岡市中央区赤坂１,地下鉄空港線「赤坂」徒歩6分,71.55,2LDK,2013年5月,https://suumo.jp//ms/chuko/fukuoka/sc_fukuokashichuo/nc_20746427/,赤坂,地下鉄空港線,6,2013-05-01,13,20746427
グランドメゾン赤坂JOHSEKI,9500,福岡県福岡市中央区赤坂２,地下鉄空港線「赤坂」徒歩12分,52.76,2LDK,2022年9月,https://suumo.jp//ms/chuko/fukuoka/sc_fukuokashichuo/nc_20845713/,赤坂,地下鉄空港線,12,2022-09-01,4,20845713
グランドメゾン赤坂ＪＯＨＳＥＫＩ,9500,福岡県福岡市中央区赤坂２,地下鉄空港線「赤坂」徒歩12分,52.76,2LDK,2022年9月,https://suumo.jp//ms/chuko/fukuoka/sc_fukuokashichuo/nc_21469817/,赤坂,地下鉄空港線,12,2022-09-01,4,21469817
サンメゾン今川,9580,福岡県福岡市中央区今川１,地下鉄空港線「唐人町」徒歩6分,86.13,3LDK,2019年2月,https://suumo.jp//ms/chuko/fukuoka/sc_fukuokashichuo/nc_20601170/,唐人町,地下鉄空港線,6,2019-02-01,7,20601170
Ｂｒｉｌｌｉａ平尾浄水,9588,福岡県福岡市中央区平尾浄水町,地下鉄七隈線「薬院大通」徒歩11分,108.17,3LDK,2009年4月,https://suumo.jp//ms/chuko/fukuoka/sc_fukuokashichuo/nc_20160990/,薬院大通,地下鉄七隈線,11,2009-04-01,17,20160990
グランドメゾン桜坂ヒルズ,9600,福岡県福岡市中央区警固３,地下鉄七隈線「桜坂」徒歩5分,90.75,3LDK,2011年2月,https://suumo.jp//ms/chuko/fukuoka/sc_fukuokashichuo/nc_20513628/,桜坂,地下鉄七隈線,5,2011-02-01,15,20513628
グランドメゾン桜坂ヒルズ,9600,福岡県福岡市中央区警固３,地下鉄七隈線「桜坂」徒歩5分,90.75,3LDK,2011年2月,https://suumo.jp//ms/chuko/fukuoka/sc_fukuokashichuo/nc_20420725/,桜坂,地下鉄七隈線,5,2011-02-01,15,20420725
ザ・パークハウス福岡タワーズＷＥＳＴ,9680,福岡県福岡市中央区地行浜２,地下鉄空港線「唐人町」徒歩11分,82.52,2LDK,2019年12月,https://suumo.jp//ms/chuko/fukuoka/sc_fukuokashichuo/nc_21403450/,唐人町,地下鉄空港線,11,2019-12-01,7,21403450
ザ・パークハウス福岡タワーズWEST,9680,福岡県福岡市中央区地行浜２-2-4,地下鉄空港線「唐人町」徒歩14分,82.52,2LDK,2019年12月,https://suumo.jp//ms/chuko/fukuoka/sc_fukuokashichuo/nc_21382907/,唐人町,地下鉄空港線,14,2019-12-01,7,21382907
ザ・パークハウス福岡タワーズWEST,9680,福岡県福岡市中央区地行浜２,地下鉄空港線「唐人町」徒歩10分,82.52,2LDK,2019年12月,https://suumo.jp//ms/chuko/fukuoka/sc_fukuokashichuo/nc_21479088/,唐人町,地下鉄空港線,10,2019-12-01,7,21479088
ザ・パークハウス福岡タワーズ　WEST,9680,福岡県福岡市中央区地行浜２,地下鉄空港線「唐人町」徒歩12分,82.52,2LDK,2019年12月,https://suumo.jp//ms/chuko/fukuoka/sc_fukuokashichuo/nc_21491474/,唐人町,地下鉄空港線,12,2019-12-01,7,21491474
パークコート赤坂ヒルトップレジデンス,9880,福岡県福岡市中央区赤坂３-６－６,地下鉄七隈線「桜坂」徒歩10分,88.76,3LDK,2010年2月,https://suumo.jp//ms/chuko/fukuoka/sc_fukuokashichuo/nc_78640538/,桜坂,地下鉄七隈線,10,2010-02-01,16,78640538
アクタス大手門パークシティ,9980,福岡県福岡市中央区大手門１-２－１８,地下鉄空港線「赤坂」徒歩7分,93.92,3LDK,2005年2月,https://suumo.jp//ms/chuko/fukuoka/sc_fukuokashichuo/nc_76842988/,赤坂,地下鉄空港線,7,2005-02-01,21,76842988
アクタス大手門パークシティ,9980,福岡県福岡市中央区大手門１,地下鉄空港線「赤坂」徒歩7分,93.92,3LDK,2005年2月,https://suumo.jp//ms/chuko/fukuoka/sc_fukuokashichuo/nc_76865748/,赤坂,地下鉄空港線,7,2005-02-01,21,76865748
フリーディア藤崎レジデンス,9980,福岡県福岡市早良区藤崎１,地下鉄空港線「藤崎」徒歩4分,97.45,3LDK,2019年9月,https://suumo.jp//ms/chuko/fukuoka/sc_fukuokashisawara/nc_79081279/,藤崎,地下鉄空港線,4,2019-09-01,7,79081279
デュレジア薬院スタンス【築浅、地下鉄、電車ダブルアク…,9990,福岡県福岡市中央区薬院３,地下鉄七隈線「薬院大通」徒歩5分,70.33,2LDK+S（納戸）,2023年2月,https://suumo.jp//ms/chuko/fukuoka/sc_fukuokashichuo/nc_20282820/,薬院大通,地下鉄七隈線,5,2023-02-01,3,20282820
グランフォーレ西新レジデンス,9995,福岡県福岡市早良区西新２,地下鉄空港線「西新」徒歩4分,90.01,3LDK,2017年3月,https://suumo.jp//ms/chuko/fukuoka/sc_fukuokashisawara/nc_21084677/,西新,地下鉄空港線,4,2017-03-01,9,21084677
グランドメゾン大濠南,10490,福岡県福岡市中央区草香江２,地下鉄七隈線「六本松」徒歩3分,98.79,3LDK+S（納戸）,2001年11月,https://suumo.jp//ms/chuko/fukuoka/sc_fukuokashichuo/nc_20286451/,六本松,地下鉄七隈線,3,2001-11-01,25,20286451
グランドメゾン大濠南,10490,福岡県福岡市中央区草香江２,地下鉄七隈線「六本松」徒歩3分,98.79,3LDK+S（納戸）,2001年11月,https://suumo.jp//ms/chuko/fukuoka/sc_fukuokashichuo/nc_20117698/,六本松,地下鉄七隈線,3,2001-11-01,25,20117698
グランドメゾン薬院　ザ・タワーレジデンス,10500,福岡県福岡市中央区薬院３,地下鉄七隈線「薬院大通」徒歩5分,70.06,2LDK+S（納戸）,2022年6月,https://suumo.jp//ms/chuko/fukuoka/sc_fukuokashichuo/nc_20609707/,薬院大通,地下鉄七隈線,5,2022-06-01,4,20609707
アルテマインド浄水平丘,10800,福岡県福岡市中央区平丘町,地下鉄七隈線「薬院大通」徒歩9分,94.63,3LDK,2010年4月,https://suumo.jp//ms/chuko/fukuoka/sc_fukuokashichuo/nc_21085434/,薬院大通,地下鉄七隈線,9,2010-04-01,16,21085434
Ｂｒｉｌｌｉａ平尾浄水,10800,福岡県福岡市中央区平尾浄水町,地下鉄七隈線「薬院大通」徒歩11分,108.17,3LDK,2009年4月,https://suumo.jp//ms/chuko/fukuoka/sc_fukuokashichuo/nc_20685889/,薬院大通,地下鉄七隈線,11,2009-04-01,17,20685889
Brillia平尾浄水,10800,福岡県福岡市中央区平尾浄水町,地下鉄七隈線「薬院大通」徒歩11分,127.99,3LDK+2S（納戸）,2009年5月,https://suumo.jp//ms/chuko/fukuoka/sc_fukuokashichuo/nc_20983713/,薬院大通,地下鉄七隈線,11,2009-05-01,17,20983713
グランドメゾン百道プレイス,10820,福岡県福岡市早良区百道２,地下鉄空港線「藤崎」徒歩3分,90.65,3LDK,2016年2月,https://suumo.jp//ms/chuko/fukuoka/sc_fukuokashisawara/nc_77583529/,藤崎,地下鉄空港線,3,2016-02-01,10,77583529
三井薬院ハイツ,10880,福岡県福岡市中央区薬院２,地下鉄七隈線「薬院大通」徒歩6分,172.94,8LDK,1982年10月,https://suumo.jp//ms/chuko/fukuoka/sc_fukuokashichuo/nc_20133049/,薬院大通,地下鉄七隈線,6,1982-10-01,44,20133049
ザ・パークハウス福岡タワーズＥＡＳＴ,10950,福岡県福岡市中央区地行浜２,地下鉄空港線「唐人町」徒歩12分,83.96,2LDK,2020年12月,https://suumo.jp//ms/chuko/fukuoka/sc_fukuokashichuo/nc_20952706/,唐人町,地下鉄空港線,12,2020-12-01,6,20952706
ザ・ライオンズ大濠公園,10980,福岡県福岡市中央区荒戸１,地下鉄空港線「大濠公園」徒歩2分,61.77,2LDK,2024年1月,https://suumo.jp//ms/chuko/fukuoka/sc_fukuokashichuo/nc_21154417/,大濠公園,地下鉄空港線,2,2024-01-01,2,21154417
グランドメゾン福岡　Ｔｈｅ　Ｃｅｎｔｒａｌ　Ｌｕｘｅ,10980,福岡県福岡市中央区渡辺通２,西鉄天神大牟田線「薬院」徒歩2分,69.72,1LDK,2025年6月,https://suumo.jp//ms/chuko/fukuoka/sc_fukuokashichuo/nc_21175478/,薬院,西鉄天神大牟田線,2,2025-06-01,1,21175478
グランドメゾン大濠南,10990,福岡県福岡市中央区草香江２-1-38,地下鉄七隈線「六本松」徒歩2分,98.79,3LDK+S（納戸）,2001年11月,https://suumo.jp//ms/chuko/fukuoka/sc_fukuokashichuo/nc_20236709/,六本松,地下鉄七隈線,2,2001-11-01,25,20236709
グランドメゾン西新ステージ,11500,福岡県福岡市早良区西新５,地下鉄空港線「西新」徒歩9分,93.92,3LDK,2012年2月,https://suumo.jp//ms/chuko/fukuoka/sc_fukuokashisawara/nc_21318619/,西新,地下鉄空港線,9,2012-02-01,14,21318619
Brillia平尾浄水,11800,福岡県福岡市中央区平尾浄水町,地下鉄七隈線「薬院大通」徒歩12分,114.43,3LDK,2009年4月,https://suumo.jp//ms/chuko/fukuoka/sc_fukuokashichuo/nc_20367604/,薬院大通,地下鉄七隈線,12,2009-04-01,17,20367604
グランドメゾン西新プレイス,11800,福岡県福岡市早良区城西１,地下鉄空港線「西新」徒歩5分,86.21,3LDK,2014年7月,https://suumo.jp//ms/chuko/fukuoka/sc_fukuokashisawara/nc_21404381/,西新,地下鉄空港線,5,2014-07-01,12,21404381
ブリリア平尾浄水,11800,福岡県福岡市中央区平尾浄水町,地下鉄七隈線「薬院大通」徒歩11分,114.43,3LDK,2009年5月,https://suumo.jp//ms/chuko/fukuoka/sc_fukuokashichuo/nc_78952756/,薬院大通,地下鉄七隈線,11,2009-05-01,17,78952756
ザ・パークハウス赤坂タワーレジデンス,11800,福岡県福岡市中央区長浜２,地下鉄空港線「赤坂」徒歩6分,94.47,4LDK,2019年7月,https://suumo.jp//ms/chuko/fukuoka/sc_fukuokashichuo/nc_21401905/,赤坂,地下鉄空港線,6,2019-07-01,7,21401905
アメックス博多ベルテックステージ,11800,福岡県福岡市博多区下川端町,地下鉄空港線「中洲川端」徒歩3分,90.1,2LDK,2010年1月,https://suumo.jp//ms/chuko/fukuoka/sc_fukuokashihakata/nc_21452724/,中洲川端,地下鉄空港線,3,2010-01-01,16,21452724
Ｄ’グランセ御所ケ谷,11800,福岡県福岡市中央区御所ヶ谷,地下鉄七隈線「薬院大通」徒歩7分,108.51,3LDK,2003年8月,https://suumo.jp//ms/chuko/fukuoka/sc_fukuokashichuo/nc_21536478/,薬院大通,地下鉄七隈線,7,2003-08-01,23,21536478
パークハウス大濠,11880,福岡県福岡市中央区大濠１,地下鉄空港線「唐人町」徒歩12分,107.28,3LDK,1998年5月,https://suumo.jp//ms/chuko/fukuoka/sc_fukuokashichuo/nc_20126844/,唐人町,地下鉄空港線,12,1998-05-01,28,20126844
ザ・パークハウス 福岡タワーズ WEST,11900,福岡県福岡市中央区地行浜２-2番4　ザ・パークハウス 福岡タワーズ WEST2009,地下鉄空港線「唐人町」徒歩13分,87.49,2LDK+S（納戸）,2019年12月,https://suumo.jp//ms/chuko/fukuoka/sc_fukuokashichuo/nc_21241731/,唐人町,地下鉄空港線,13,2019-12-01,7,21241731
グランドメゾン大濠公園THE CLASS,12000,福岡県福岡市中央区荒戸２-3-9,地下鉄空港線「大濠公園」徒歩6分,60.35,2LDK,2024年1月,https://suumo.jp//ms/chuko/fukuoka/sc_fukuokashichuo/nc_20120081/,大濠公園,地下鉄空港線,6,2024-01-01,2,20120081
ＪＧＭロイヤルガーデン薬院,12000,福岡県福岡市中央区薬院２,地下鉄七隈線「薬院大通」徒歩1分,104.94,4LDK,2004年3月,https://suumo.jp//ms/chuko/fukuoka/sc_fukuokashichuo/nc_20696990/,薬院大通,地下鉄七隈線,1,2004-03-01,22,20696990
グランドメゾン大濠公園THE CLASS,12000,福岡県福岡市中央区荒戸２,地下鉄空港線「大濠公園」徒歩4分,60.35,2LDK,2024年1月,https://suumo.jp//ms/chuko/fukuoka/sc_fukuokashichuo/nc_20005198/,大濠公園,地下鉄空港線,4,2024-01-01,2,20005198
グランドメゾン浄水ガーデンシティフォレストゲートⅢ,12000,福岡県福岡市中央区薬院４,地下鉄七隈線「薬院大通」徒歩5分,80.37,3LDK,2018年12月,https://suumo.jp//ms/chuko/fukuoka/sc_fukuokashichuo/nc_21371491/,薬院大通,地下鉄七隈線,5,2018-12-01,8,21371491
グランドメゾン赤坂弐番館,12300,福岡県福岡市中央区赤坂２,地下鉄空港線「赤坂」徒歩11分,110.0,3LDK,2004年9月,https://suumo.jp//ms/chuko/fukuoka/sc_fukuokashichuo/nc_20475936/,赤坂,地下鉄空港線,11,2004-09-01,22,20475936
グランドメゾン赤坂弐番館,12300,福岡県福岡市中央区赤坂２,地下鉄空港線「赤坂」徒歩12分,110.0,3LDK,2004年9月,https://suumo.jp//ms/chuko/fukuoka/sc_fukuokashichuo/nc_79104390/,赤坂,地下鉄空港線,12,2004-09-01,22,79104390
グランドメゾン赤坂弐番館,12300,福岡県福岡市中央区赤坂２,地下鉄空港線「赤坂」徒歩11分,110.0,3LDK,2004年9月,https://suumo.jp//ms/chuko/fukuoka/sc_fukuokashichuo/nc_20496537/,赤坂,地下鉄空港線,11,2004-09-01,22,20496537
グランドパレス浄水通り,12500,福岡県福岡市中央区薬院４-15-10,地下鉄七隈線「薬院大通」徒歩8分,101.74,2LDK+S（納戸）,2017年3月,https://suumo.jp//ms/chuko/fukuoka/sc_fukuokashichuo/nc_20312519/,薬院大通,地下鉄七隈線,8,2017-03-01,9,20312519
グランドパレス浄水通り,12500,福岡県福岡市中央区薬院４,地下鉄七隈線「薬院大通」徒歩6分,101.74,2LDK+S（納戸）,2017年2月,https://suumo.jp//ms/chuko/fukuoka/sc_fukuokashichuo/nc_21188014/,薬院大通,地下鉄七隈線,6,2017-02-01,9,21188014
Ｂｒｉｌｌｉａ平尾浄水,12500,福岡県福岡市中央区平尾浄水町,地下鉄七隈線「薬院大通」徒歩12分,127.99,3LDK,2009年4月,https://suumo.jp//ms/chuko/fukuoka/sc_fukuokashichuo/nc_21363157/,薬院大通,地下鉄七隈線,12,2009-04-01,17,21363157
グランドメゾン百道浜オーシャン＆フォレスト,12500,福岡県福岡市早良区百道浜３,地下鉄空港線「西新」徒歩15分,89.09,2LDK+S（納戸）,2010年6月,https://suumo.jp//ms/chuko/fukuoka/sc_fukuokashisawara/nc_21368222/,西新,地下鉄空港線,15,2010-06-01,16,21368222
グランドメゾン大濠公園ＴＨＥ　ＣＬＡＳＳ,12500,福岡県福岡市中央区荒戸２,地下鉄空港線「大濠公園」徒歩5分,75.09,3LDK,2024年1月,https://suumo.jp//ms/chuko/fukuoka/sc_fukuokashichuo/nc_21478022/,大濠公園,地下鉄空港線,5,2024-01-01,2,21478022
グランドメゾン浄水ガーデンシティフォレストゲートⅢ,12500,福岡県福岡市中央区薬院４,地下鉄七隈線「薬院大通」徒歩5分,83.15,3LDK,2018年12月,https://suumo.jp//ms/chuko/fukuoka/sc_fukuokashichuo/nc_79074334/,薬院大通,地下鉄七隈線,5,2018-12-01,8,79074334
Brillia平尾浄水,12500,福岡県福岡市中央区平尾浄水町4-7,地下鉄七隈線「薬院大通」徒歩11分,127.99,3LDK,2009年4月,https://suumo.jp//ms/chuko/fukuoka/sc_fukuokashichuo/nc_78105959/,薬院大通,地下鉄七隈線,11,2009-04-01,17,78105959
グランドメゾン福岡　The Central Luxe…,12660,福岡県福岡市中央区渡辺通２-7-23,西鉄天神大牟田線「薬院」徒歩2分,69.72,1LDK,2025年6月,https://suumo.jp//ms/chuko/fukuoka/sc_fukuokashichuo/nc_79102216/,薬院,西鉄天神大牟田線,2,2025-06-01,1,79102216
グランドメゾン浄水ガーデンシティセントラルフォレスト…,12800,福岡県福岡市中央区薬院４,地下鉄七隈線「薬院大通」徒歩9分,74.84,3LDK,2022年1月,https://suumo.jp//ms/chuko/fukuoka/sc_fukuokashichuo/nc_20753991/,薬院大通,地下鉄七隈線,9,2022-01-01,4,20753991
パーク・コート大濠,12800,福岡県福岡市中央区大濠１,地下鉄空港線「唐人町」徒歩11分,88.7,2LDK,2002年3月,https://suumo.jp//ms/chuko/fukuoka/sc_fukuokashichuo/nc_21237188/,唐人町,地下鉄空港線,11,2002-03-01,24,21237188
グランドメゾン浄水ガーデンシティ　セントラルフォレス…,12800,福岡県福岡市中央区薬院４,地下鉄七隈線「薬院大通」徒歩6分,74.84,3LDK,2022年1月,https://suumo.jp//ms/chuko/fukuoka/sc_fukuokashichuo/nc_20752901/,薬院大通,地下鉄七隈線,6,2022-01-01,4,20752901
ザ・パークハウス福岡タワーズ EAST,12800,福岡県福岡市中央区地行浜２,地下鉄空港線「唐人町」徒歩12分,83.96,3LDK,2020年12月,https://suumo.jp//ms/chuko/fukuoka/sc_fukuokashichuo/nc_79049647/,唐人町,地下鉄空港線,12,2020-12-01,6,79049647
グランドパレス浄水通り,12850,福岡県福岡市中央区薬院４,地下鉄七隈線「薬院大通」徒歩6分,101.74,2LDK,2017年2月,https://suumo.jp//ms/chuko/fukuoka/sc_fukuokashichuo/nc_21215035/,薬院大通,地下鉄七隈線,6,2017-02-01,9,21215035
ネクサス薬院,12880,福岡県福岡市中央区薬院１,地下鉄七隈線「薬院大通」徒歩3分,94.52,3LDK,2015年6月,https://suumo.jp//ms/chuko/fukuoka/sc_fukuokashichuo/nc_78294683/,薬院大通,地下鉄七隈線,3,2015-06-01,11,78294683
ネクサス薬院,12880,福岡県福岡市中央区薬院１-12-10,地下鉄七隈線「薬院大通」徒歩4分,94.52,3LDK,2015年6月,https://suumo.jp//ms/chuko/fukuoka/sc_fukuokashichuo/nc_20536103/,薬院大通,地下鉄七隈線,4,2015-06-01,11,20536103
ネクサス薬院,12880,福岡県福岡市中央区薬院１,地下鉄七隈線「薬院大通」徒歩4分,94.52,3LDK,2015年6月,https://suumo.jp//ms/chuko/fukuoka/sc_fukuokashichuo/nc_20767793/,薬院大通,地下鉄七隈線,4,2015-06-01,11,20767793
ネクサス薬院,12880,福岡県福岡市中央区薬院１,地下鉄七隈線「薬院大通」徒歩4分,94.52,3LDK,2015年6月,https://suumo.jp//ms/chuko/fukuoka/sc_fukuokashichuo/nc_21426974/,薬院大通,地下鉄七隈線,4,2015-06-01,11,21426974
ネクサス薬院,12880,福岡県福岡市中央区薬院１,地下鉄七隈線「薬院大通」徒歩4分,94.52,3LDK,2015年6月,https://suumo.jp//ms/chuko/fukuoka/sc_fukuokashichuo/nc_78680505/,薬院大通,地下鉄七隈線,4,2015-06-01,11,78680505
ザ・パークハウス桜坂サンリヤン,12980,福岡県福岡市中央区桜坂３,地下鉄七隈線「桜坂」徒歩3分,101.65,4LDK,2018年9月,https://suumo.jp//ms/chuko/fukuoka/sc_fukuokashichuo/nc_21478016/,桜坂,地下鉄七隈線,3,2018-09-01,8,21478016
アクロス大濠公園グランビュー,13300,福岡県福岡市中央区黒門,地下鉄空港線「唐人町」徒歩3分,68.02,3LDK,2025年2月,https://suumo.jp//ms/chuko/fukuoka/sc_fukuokashichuo/nc_21530289/,唐人町,地下鉄空港線,3,2025-02-01,1,21530289
サーパス浄水通り,13400,福岡県福岡市中央区薬院４,地下鉄七隈線「薬院大通」徒歩4分,97.42,3LDK,2003年2月,https://suumo.jp//ms/chuko/fukuoka/sc_fukuokashichuo/nc_21434272/,薬院大通,地下鉄七隈線,4,2003-02-01,23,21434272
コアマンションけやき通りプレジオ,13500,福岡県福岡市中央区赤坂３-４－２２,地下鉄七隈線「桜坂」徒歩12分,133.37,4LDK,2002年10月,https://suumo.jp//ms/chuko/fukuoka/sc_fukuokashichuo/nc_20724392/,桜坂,地下鉄七隈線,12,2002-10-01,24,20724392
アンピール・マキシム大濠,13500,福岡県福岡市中央区荒戸２,地下鉄空港線「大濠公園」徒歩8分,123.43,3LDK,2000年10月,https://suumo.jp//ms/chuko/fukuoka/sc_fukuokashichuo/nc_20594963/,大濠公園,地下鉄空港線,8,2000-10-01,26,20594963
ウェリス大濠公園Z-Stage,13800,福岡県福岡市中央区黒門,地下鉄空港線「唐人町」徒歩2分,86.42,3LDK,2013年9月,https://suumo.jp//ms/chuko/fukuoka/sc_fukuokashichuo/nc_20422608/,唐人町,地下鉄空港線,2,2013-09-01,13,20422608
オーヴィジョン六本松レジデンス,13800,福岡県福岡市中央区六本松３-11-58,地下鉄七隈線「六本松」徒歩8分,93.43,3LDK,2023年2月,https://suumo.jp//ms/chuko/fukuoka/sc_fukuokashichuo/nc_21295922/,六本松,地下鉄七隈線,8,2023-02-01,3,21295922
ウェリス大濠公園Ｚ－Ｓｔａｇｅ,13800,福岡県福岡市中央区黒門,地下鉄空港線「唐人町」徒歩2分,86.42,3LDK,2013年9月,https://suumo.jp//ms/chuko/fukuoka/sc_fukuokashichuo/nc_20649999/,唐人町,地下鉄空港線,2,2013-09-01,13,20649999
MJR赤坂タワー,13800,福岡県福岡市中央区赤坂１,地下鉄空港線「赤坂」徒歩1分,63.58,2LDK+S（納戸）,2017年10月,https://suumo.jp//ms/chuko/fukuoka/sc_fukuokashichuo/nc_21352846/,赤坂,地下鉄空港線,1,2017-10-01,9,21352846
ＭＪＲ赤坂タワー,13900,福岡県福岡市中央区赤坂１,地下鉄空港線「赤坂」徒歩1分,69.03,2LDK,2017年10月,https://suumo.jp//ms/chuko/fukuoka/sc_fukuokashichuo/nc_77940319/,赤坂,地下鉄空港線,1,2017-10-01,9,77940319
MJR赤坂タワー,13900,福岡県福岡市中央区赤坂１,地下鉄空港線「赤坂」徒歩1分,69.03,2LDK,2017年10月,https://suumo.jp//ms/chuko/fukuoka/sc_fukuokashichuo/nc_79059997/,赤坂,地下鉄空港線,1,2017-10-01,9,79059997
MJR赤坂タワー,13900,福岡県福岡市中央区赤坂１,地下鉄空港線「赤坂」徒歩1分,69.03,2LDK,2017年10月,https://suumo.jp//ms/chuko/fukuoka/sc_fukuokashichuo/nc_77915413/,赤坂,地下鉄空港線,1,2017-10-01,9,77915413
MJR赤坂タワー,13900,福岡県福岡市中央区赤坂１,地下鉄空港線「赤坂」徒歩1分,69.03,2LDK,2017年11月,https://suumo.jp//ms/chuko/fukuoka/sc_fukuokashichuo/nc_77934409/,赤坂,地下鉄空港線,1,2017-11-01,9,77934409
MJR赤坂タワー,13900,福岡県福岡市中央区赤坂１,地下鉄空港線「赤坂」徒歩1分,69.03,2LDK,2017年10月,https://suumo.jp//ms/chuko/fukuoka/sc_fukuokashichuo/nc_77959137/,赤坂,地下鉄空港線,1,2017-10-01,9,77959137
MJR赤坂タワー,13900,福岡県福岡市中央区赤坂１,地下鉄空港線「赤坂」徒歩1分,69.03,2LDK,2017年10月,https://suumo.jp//ms/chuko/fukuoka/sc_fukuokashichuo/nc_77892861/,赤坂,地下鉄空港線,1,2017-10-01,9,77892861
ＭＪＲ赤坂タワー,13900,福岡県福岡市中央区赤坂１,地下鉄空港線「赤坂」徒歩1分,69.03,2LDK,2017年10月,https://suumo.jp//ms/chuko/fukuoka/sc_fukuokashichuo/nc_21452375/,赤坂,地下鉄空港線,1,2017-10-01,9,21452375
ルッシュ・西公園,14000,福岡県福岡市中央区荒戸３-5-46,地下鉄空港線「唐人町」徒歩13分,131.05,4LDK,1990年9月,https://suumo.jp//ms/chuko/fukuoka/sc_fukuokashichuo/nc_78996625/,唐人町,地下鉄空港線,13,1990-09-01,36,78996625
ザ・ハウスオブ大濠,14200,福岡県福岡市中央区大濠２,地下鉄空港線「唐人町」徒歩4分,103.01,2LDK,2005年1月,https://suumo.jp//ms/chuko/fukuoka/sc_fukuokashichuo/nc_21403449/,唐人町,地下鉄空港線,4,2005-01-01,21,21403449
プレミスト天神赤坂タワー,14800,福岡県福岡市中央区大名２,地下鉄空港線「赤坂」徒歩2分,69.22,2LDK,2019年1月,https://suumo.jp//ms/chuko/fukuoka/sc_fukuokashichuo/nc_20574350/,赤坂,地下鉄空港線,2,2019-01-01,7,20574350
ザ・パークハウス桜坂サンリヤン,14800,福岡県福岡市中央区桜坂３,地下鉄七隈線「桜坂」徒歩3分,84.98,3LDK+S（納戸）,2018年9月,https://suumo.jp//ms/chuko/fukuoka/sc_fukuokashichuo/nc_20521773/,桜坂,地下鉄七隈線,3,2018-09-01,8,20521773
プレミスト天神赤坂タワー,14800,福岡県福岡市中央区大名２-１０－８,地下鉄空港線「赤坂」徒歩2分,69.22,2LDK,2019年1月,https://suumo.jp//ms/chuko/fukuoka/sc_fukuokashichuo/nc_21308425/,赤坂,地下鉄空港線,2,2019-01-01,7,21308425
グランアーキ大濠一丁目ザ・レジデンス,14800,福岡県福岡市中央区大濠１-6-33,地下鉄空港線「唐人町」徒歩14分,77.83,2LDK,2021年1月,https://suumo.jp//ms/chuko/fukuoka/sc_fukuokashichuo/nc_20989556/,唐人町,地下鉄空港線,14,2021-01-01,5,20989556
ザ・パークハウス桜坂サンリヤン,14800,福岡県福岡市中央区桜坂３,地下鉄七隈線「桜坂」徒歩3分,84.98,3LDK+S（納戸）,2018年9月,https://suumo.jp//ms/chuko/fukuoka/sc_fukuokashichuo/nc_20476499/,桜坂,地下鉄七隈線,3,2018-09-01,8,20476499
ザ・パークハウス桜坂サンリヤン,14800,福岡県福岡市中央区桜坂３,地下鉄七隈線「桜坂」徒歩3分,84.98,3LDK+S（納戸）,2018年9月,https://suumo.jp//ms/chuko/fukuoka/sc_fukuokashichuo/nc_20546042/,桜坂,地下鉄七隈線,3,2018-09-01,8,20546042
ル・サンク高取,14800,福岡県福岡市早良区高取１-14-18,地下鉄空港線「藤崎」徒歩9分,110.92,4LDK,2014年7月,https://suumo.jp//ms/chuko/fukuoka/sc_fukuokashisawara/nc_20809700/,藤崎,地下鉄空港線,9,2014-07-01,12,20809700
グランドメゾン浄水ガーデンシティサウスフォレスト,14980,福岡県福岡市中央区薬院４,地下鉄七隈線「薬院大通」徒歩6分,100.0,3LDK,2015年7月,https://suumo.jp//ms/chuko/fukuoka/sc_fukuokashichuo/nc_21004848/,薬院大通,地下鉄七隈線,6,2015-07-01,11,21004848
グランドメゾン浄水ガーデンシティ　サウスフォレスト,14980,福岡県福岡市中央区薬院４,地下鉄七隈線「薬院大通」徒歩7分,81.14,3LDK,2015年3月,https://suumo.jp//ms/chuko/fukuoka/sc_fukuokashichuo/nc_21070577/,薬院大通,地下鉄七隈線,7,2015-03-01,11,21070577
大濠パークハウス,15000,福岡県福岡市中央区大濠１,地下鉄空港線「唐人町」徒歩9分,179.25,2LDK+S（納戸）,1989年10月,https://suumo.jp//ms/chuko/fukuoka/sc_fukuokashichuo/nc_78946460/,唐人町,地下鉄空港線,9,1989-10-01,37,78946460
MJR六本松,15000,福岡県福岡市中央区六本松４,地下鉄七隈線「六本松」徒歩3分,92.61,4LDK,2017年1月,https://suumo.jp//ms/chuko/fukuoka/sc_fukuokashichuo/nc_21355394/,六本松,地下鉄七隈線,3,2017-01-01,9,21355394
グランドメゾン福岡　Ｔｈｅ　Ｃｅｎｔｒａｌ　Ｌｕｘｅ,15000,福岡県福岡市中央区渡辺通２,西鉄天神大牟田線「薬院」徒歩3分,67.67,1LDK,2025年6月,https://suumo.jp//ms/chuko/fukuoka/sc_fukuokashichuo/nc_21099018/,薬院,西鉄天神大牟田線,3,2025-06-01,1,21099018
MJR六本松,15000,福岡県福岡市中央区六本松４,地下鉄七隈線「六本松」徒歩2分,92.61,4LDK,2017年1月,https://suumo.jp//ms/chuko/fukuoka/sc_fukuokashichuo/nc_21145440/,六本松,地下鉄七隈線,2,2017-01-01,9,21145440
百道浜パークハウス,15300,福岡県福岡市早良区百道浜１-4-22,地下鉄空港線「西新」徒歩13分,131.0,4LDK,1998年8月,https://suumo.jp//ms/chuko/fukuoka/sc_fukuokashisawara/nc_21399288/,西新,地下鉄空港線,13,1998-08-01,28,21399288
レーベン福岡天神ＯＮＥＴＯＷＥＲ,15358,福岡県福岡市中央区天神５,地下鉄空港線「天神」徒歩6分,83.43,3LDK,2024年1月,https://suumo.jp//ms/chuko/fukuoka/sc_fukuokashichuo/nc_78395279/,天神,地下鉄空港線,6,2024-01-01,2,78395279
レーベン福岡天神ＯＮＥ ＴＯＷＥＲ,15358,福岡県福岡市中央区天神５,地下鉄空港線「天神」徒歩9分,83.43,3LDK,2024年1月,https://suumo.jp//ms/chuko/fukuoka/sc_fukuokashichuo/nc_20704379/,天神,地下鉄空港線,9,2024-01-01,2,20704379
レーベン福岡天神ＯＮＥ　ＴＯＷＥＲ,15358,福岡県福岡市中央区天神５,地下鉄空港線「天神」徒歩8分,83.43,2LDK+S（納戸）,2024年1月,https://suumo.jp//ms/chuko/fukuoka/sc_fukuokashichuo/nc_20587896/,天神,地下鉄空港線,8,2024-01-01,2,20587896
レーベン福岡天神ONETOWER,15358,福岡県福岡市中央区天神５,地下鉄空港線「天神」徒歩6分,83.43,3LDK,2024年1月,https://suumo.jp//ms/chuko/fukuoka/sc_fukuokashichuo/nc_77748360/,天神,地下鉄空港線,6,2024-01-01,2,77748360
プレミスト天神赤坂タワー,15500,福岡県福岡市中央区大名２-10-8,地下鉄空港線「赤坂」徒歩3分,62.77,1LDK,2019年1月,https://suumo.jp//ms/chuko/fukuoka/sc_fukuokashichuo/nc_20214629/,赤坂,地下鉄空港線,3,2019-01-01,7,20214629
ザ・パークハウス平尾レジデンス,15500,福岡県福岡市中央区平尾３,地下鉄七隈線「薬院大通」徒歩13分,148.58,3LDK+S（納戸）,2016年1月,https://suumo.jp//ms/chuko/fukuoka/sc_fukuokashichuo/nc_21478507/,薬院大通,地下鉄七隈線,13,2016-01-01,10,21478507
ザ・パークハウス桜坂サンリヤン,16500,福岡県福岡市中央区桜坂３,地下鉄七隈線「桜坂」徒歩3分,105.07,4LDK,2018年9月,https://suumo.jp//ms/chuko/fukuoka/sc_fukuokashichuo/nc_74279125/,桜坂,地下鉄七隈線,3,2018-09-01,8,74279125
ブリリアタワー西新,16500,福岡県福岡市早良区西新４-1-1,地下鉄空港線「西新」徒歩1分,79.93,2LDK,2021年1月,https://suumo.jp//ms/chuko/fukuoka/sc_fukuokashisawara/nc_21359647/,西新,地下鉄空港線,1,2021-01-01,5,21359647
ブリリアタワー西新,16800,福岡県福岡市早良区西新４,地下鉄空港線「西新」徒歩1分,79.93,2LDK,2021年1月,https://suumo.jp//ms/chuko/fukuoka/sc_fukuokashisawara/nc_79220468/,西新,地下鉄空港線,1,2021-01-01,5,79220468
ザ・パークハウス天神今泉,17200,福岡県福岡市中央区今泉２,西鉄天神大牟田線「薬院」徒歩6分,104.72,3LDK,2020年7月,https://suumo.jp//ms/chuko/fukuoka/sc_fukuokashichuo/nc_20780000/,薬院,西鉄天神大牟田線,6,2020-07-01,6,20780000
ブリリアタワー西新,17800,福岡県福岡市早良区西新４,地下鉄空港線「西新」徒歩1分,80.74,3LDK,2021年1月,https://suumo.jp//ms/chuko/fukuoka/sc_fukuokashisawara/nc_20780485/,西新,地下鉄空港線,1,2021-01-01,5,20780485
グランドメゾン福岡　Ｔｈｅ　Ｃｅｎｔｒａｌ　Ｌｕｘｅ,18500,福岡県福岡市中央区渡辺通２,西鉄天神大牟田線「薬院」徒歩2分,77.39,2LDK,2025年6月,https://suumo.jp//ms/chuko/fukuoka/sc_fukuokashichuo/nc_20416508/,薬院,西鉄天神大牟田線,2,2025-06-01,1,20416508
ザ・パークハウス桜坂サンリヤン,18800,福岡県福岡市中央区桜坂３,地下鉄七隈線「桜坂」徒歩3分,105.07,2LDK+S（納戸）,2018年9月,https://suumo.jp//ms/chuko/fukuoka/sc_fukuokashichuo/nc_78879298/,桜坂,地下鉄七隈線,3,2018-09-01,8,78879298
グランドメゾン大濠レジデンス,18900,福岡県福岡市中央区大濠２,地下鉄空港線「唐人町」徒歩7分,97.71,2LDK,2015年4月,https://suumo.jp//ms/chuko/fukuoka/sc_fukuokashichuo/nc_20724057/,唐人町,地下鉄空港線,7,2015-04-01,11,20724057
グランアーキ大濠一丁目 ザ・レジデンス,19100,福岡県福岡市中央区大濠１,地下鉄空港線「大濠公園」徒歩15分,83.09,2LDK,2020年12月,https://suumo.jp//ms/chuko/fukuoka/sc_fukuokashichuo/nc_79152708/,大濠公園,地下鉄空港線,15,2020-12-01,6,79152708
グランドメゾン浄水ガーデンシティフォレストゲートII…,19800,福岡県福岡市中央区薬院４,地下鉄七隈線「薬院大通」徒歩5分,102.78,4LDK,2018年12月,https://suumo.jp//ms/chuko/fukuoka/sc_fukuokashichuo/nc_21188028/,薬院大通,地下鉄七隈線,5,2018-12-01,8,21188028
パークホームズ大濠二丁目,19800,福岡県福岡市中央区大濠２,地下鉄空港線「唐人町」徒歩4分,101.47,2LDK,2017年6月,https://suumo.jp//ms/chuko/fukuoka/sc_fukuokashichuo/nc_20237744/,唐人町,地下鉄空港線,4,2017-06-01,9,20237744
グランドメゾン浄水ガーデンシティ　フォレストゲートⅢ,19800,福岡県福岡市中央区薬院４,地下鉄七隈線「薬院大通」徒歩5分,100.07,3LDK,2018年12月,https://suumo.jp//ms/chuko/fukuoka/sc_fukuokashichuo/nc_20401001/,薬院大通,地下鉄七隈線,5,2018-12-01,8,20401001
コアマンション大手門タワー,22000,福岡県福岡市中央区大手門１,地下鉄空港線「赤坂」徒歩6分,136.91,4LDK,2003年8月,https://suumo.jp//ms/chuko/fukuoka/sc_fukuokashichuo/nc_20724056/,赤坂,地下鉄空港線,6,2003-08-01,23,20724056
ザ・パークハウス平尾浄水通り,22800,福岡県福岡市中央区平尾３,地下鉄七隈線「薬院大通」徒歩8分,124.62,3LDK,2018年1月,https://suumo.jp//ms/chuko/fukuoka/sc_fukuokashichuo/nc_20702908/,薬院大通,地下鉄七隈線,8,2018-01-01,8,20702908
Ｂｒｉｌｌｉａ　Ｔｏｗｅｒ西新・ＰＲＡＬＩＶＡ,24500,福岡県福岡市早良区西新４,地下鉄空港線「西新」徒歩1分,100.08,4LDK,2021年1月,https://suumo.jp//ms/chuko/fukuoka/sc_fukuokashisawara/nc_21443065/,西新,地下鉄空港線,1,2021-01-01,5,21443065
プレミスト大濠公園,24800,福岡県福岡市中央区荒戸３,地下鉄空港線「唐人町」徒歩3分,120.71,3LDK,2025年6月,https://suumo.jp//ms/chuko/fukuoka/sc_fukuokashichuo/nc_20426114/,唐人町,地下鉄空港線,3,2025-06-01,1,20426114
グランドメゾン福岡The Central Luxe,25000,福岡県福岡市中央区渡辺通２,西鉄天神大牟田線「薬院」徒歩3分,110.97,3LDK,2025年6月,https://suumo.jp//ms/chuko/fukuoka/sc_fukuokashichuo/nc_20887084/,薬院,西鉄天神大牟田線,3,2025-06-01,1,20887084
プレミスト赤坂けやき通り,25000,福岡県福岡市中央区赤坂２,地下鉄空港線「赤坂」徒歩10分,103.83,3LDK,2023年8月,https://suumo.jp//ms/chuko/fukuoka/sc_fukuokashichuo/nc_21084721/,赤坂,地下鉄空港線,10,2023-08-01,3,21084721
グランドメゾン福岡　Ｔｈｅ　Ｃｅｎｔｒａｌ　Ｌｕｘｅ,25000,福岡県福岡市中央区渡辺通２,西鉄天神大牟田線「薬院」徒歩2分,110.97,3LDK,2025年6月,https://suumo.jp//ms/chuko/fukuoka/sc_fukuokashichuo/nc_21013055/,薬院,西鉄天神大牟田線,2,2025-06-01,1,21013055
グランドメゾン福岡　Ｔｈｅ　Ｃｅｎｔｒａｌ　Ｌｕｘｅ,25000,福岡県福岡市中央区渡辺通２,西鉄天神大牟田線「薬院」徒歩2分,110.97,3LDK,2025年6月,https://suumo.jp//ms/chuko/fukuoka/sc_fukuokashichuo/nc_20954560/,薬院,西鉄天神大牟田線,2,2025-06-01,1,20954560
パークホームズ西新トラッドマークス,25000,福岡県福岡市早良区西新２,地下鉄空港線「西新」徒歩3分,163.09,3LDK+S（納戸）,2018年5月,https://suumo.jp//ms/chuko/fukuoka/sc_fukuokashisawara/nc_20577823/,西新,地下鉄空港線,3,2018-05-01,8,20577823
ザ・ライオンズ大濠公園,26000,福岡県福岡市中央区荒戸１,地下鉄空港線「大濠公園」徒歩2分,116.11,2LDK+S（納戸）,2024年2月,https://suumo.jp//ms/chuko/fukuoka/sc_fukuokashichuo/nc_21146766/,大濠公園,地下鉄空港線,2,2024-02-01,2,21146766
ザ・パークハウス福岡タワーズ　WEST,29000,福岡県福岡市中央区地行浜２-2-4,地下鉄空港線「唐人町」徒歩15分,102.56,1LDK+S（納戸）,2019年12月,https://suumo.jp//ms/chuko/fukuoka/sc_fukuokashichuo/nc_21052306/,唐人町,地下鉄空港線,15,2019-12-01,7,21052306
ザ・パークハウス福岡タワーズ　WEST,29000,福岡県福岡市中央区地行浜２,地下鉄空港線「唐人町」徒歩12分,102.56,1LDK,2019年12月,https://suumo.jp//ms/chuko/fukuoka/sc_fukuokashichuo/nc_20445675/,唐人町,地下鉄空港線,12,2019-12-01,7,20445675
ブリリアタワー西新,30000,福岡県福岡市早良区西新４-1-1,地下鉄空港線「西新」徒歩1分,101.65,2LDK,2021年1月,https://suumo.jp//ms/chuko/fukuoka/sc_fukuokashisawara/nc_20407256/,西新,地下鉄空港線,1,2021-01-01,5,20407256
BrilliaTower西新（ブリリアタワー西新）,33000,福岡県福岡市早良区西新４,地下鉄空港線「西新」徒歩1分,101.82,2LDK+S（納戸）,2021年1月,https://suumo.jp//ms/chuko/fukuoka/sc_fukuokashisawara/nc_77918095/,西新,地下鉄空港線,1,2021-01-01,5,77918095
Ｂｒｉｌｌｉａ　Ｔｏｗｅｒ西新・ＰＲＡＬＩＶＡ,33000,福岡県福岡市早良区西新４,地下鉄空港線「西新」徒歩1分,101.82,2LDK+S（納戸）,2021年1月,https://suumo.jp//ms/chuko/fukuoka/sc_fukuokashisawara/nc_77940315/,西新,地下鉄空港線,1,2021-01-01,5,77940315
ブリリアタワー西新,33000,福岡県福岡市早良区西新４,地下鉄空港線「西新」徒歩1分,101.82,2LDK,2021年1月,https://suumo.jp//ms/chuko/fukuoka/sc_fukuokashisawara/nc_77901688/,西新,地下鉄空港線,1,2021-01-01,5,77901688
Brillia Tower西新　ブリリアタワー西新,33000,福岡県福岡市早良区西新４,地下鉄空港線「西新」徒歩1分,101.82,2LDK,2021年1月,https://suumo.jp//ms/chuko/fukuoka/sc_fukuokashisawara/nc_77890908/,西新,地下鉄空港線,1,2021-01-01,5,77890908
ブリリアタワー西新,33000,福岡県福岡市早良区西新４,地下鉄空港線「西新」徒歩1分,101.82,2LDK+S（納戸）,2021年1月,https://suumo.jp//ms/chuko/fukuoka/sc_fukuokashisawara/nc_79050803/,西新,地下鉄空港線,1,2021-01-01,5,79050803
Brillia　Tower西新,33000,福岡県福岡市早良区西新４,地下鉄空港線「西新」徒歩2分,101.82,2LDK,2021年1月,https://suumo.jp//ms/chuko/fukuoka/sc_fukuokashisawara/nc_77901231/,西新,地下鉄空港線,2,2021-01-01,5,77901231
グランドメゾン浄水ガーデンシティフォレストゲートⅢ,36000,福岡県福岡市中央区薬院４,地下鉄七隈線「薬院大通」徒歩5分,193.08,4LDK,2018年12月,https://suumo.jp//ms/chuko/fukuoka/sc_fukuokashichuo/nc_21519650/,薬院大通,地下鉄七隈線,5,2018-12-01,8,21519650
プレミスト赤坂けやき通り,43000,福岡県福岡市中央区赤坂２,地下鉄空港線「赤坂」徒歩10分,177.04,3LDK,2023年8月,https://suumo.jp//ms/chuko/fukuoka/sc_fukuokashichuo/nc_21205135/,赤坂,地下鉄空港線,10,2023-08-01,3,21205135
ＣＬＵＢ　ＴＨＥ．薬院ステーションタワー,46000,福岡県福岡市中央区白金１-17-34,西鉄天神大牟田線「薬院」徒歩2分,138.16,2LDK+S（納戸）,2020年4月,https://suumo.jp//ms/chuko/fukuoka/sc_fukuokashichuo/nc_20355816/,薬院,西鉄天神大牟田線,2,2020-04-01,6,20355816
ＣＬＵＢ　ＴＨＥ．薬院ステーションタワー,46000,福岡県福岡市中央区白金１,地下鉄七隈線「薬院」徒歩2分,138.16,2LDK+S（納戸）,2020年4月,https://suumo.jp//ms/chuko/fukuoka/sc_fukuokashichuo/nc_20237747/,薬院,地下鉄七隈線,2,2020-04-01,6,20237747
CLUB THE. 薬院ステーションタワー,46000,福岡県福岡市中央区白金１-17-34,地下鉄七隈線「薬院」徒歩2分,138.16,2LDK+S（納戸）,2020年4月,https://suumo.jp//ms/chuko/fukuoka/sc_fukuokashichuo/nc_77605697/,薬院,地下鉄七隈線,2,2020-04-01,6,77605697
CLUB THE. 薬院ステーションタワー,46000,福岡県福岡市中央区白金１,西鉄天神大牟田線「薬院」徒歩2分,138.16,2LDK+S（納戸）,2020年4月,https://suumo.jp//ms/chuko/fukuoka/sc_fukuokashichuo/nc_77676580/,薬院,西鉄天神大牟田線,2,2020-04-01,6,77676580
